# kappa_P per unit number density [cm^2/molecule] and at 1 atm [1/(m*atm)]
# rows: T_gas [K]; cols: T_radiation [K]
# T_grid 300.0 2500.0 50.0
# columns T_gas T_rad kappaP_cm2_per_molecule kappaP_per_m_atm
300.0 300.0 2.1374710395e-20 5.2289641591e+01
300.0 350.0 1.6436097071e-20 4.0208152959e+01
300.0 400.0 1.3562866369e-20 3.3179276270e+01
300.0 450.0 1.1752427158e-20 2.8750340594e+01
300.0 500.0 1.0502396018e-20 2.5692349205e+01
300.0 550.0 9.5649634274e-21 2.3399077705e+01
300.0 600.0 8.8174372010e-21 2.1570380252e+01
300.0 650.0 8.1968625097e-21 2.0052248423e+01
300.0 700.0 7.6683874448e-21 1.8759422873e+01
300.0 750.0 7.2105386719e-21 1.7639372692e+01
300.0 800.0 6.8085802180e-21 1.6656048797e+01
300.0 850.0 6.4515647805e-21 1.5782670448e+01
300.0 900.0 6.1309976746e-21 1.4998456825e+01
300.0 950.0 5.8401752746e-21 1.4287008633e+01
300.0 1000.0 5.5737972201e-21 1.3635359430e+01
300.0 1050.0 5.3276921990e-21 1.3033304800e+01
300.0 1100.0 5.0985985176e-21 1.2472865559e+01
300.0 1150.0 4.8839800302e-21 1.1947837449e+01
300.0 1200.0 4.6818713624e-21 1.1453412514e+01
300.0 1250.0 4.4907497911e-21 1.0985865666e+01
300.0 1300.0 4.3094313481e-21 1.0542300527e+01
300.0 1350.0 4.1369882613e-21 1.0120447457e+01
300.0 1400.0 3.9726845521e-21 9.7185060078e+00
300.0 1450.0 3.8159266140e-21 9.3350240215e+00
300.0 1500.0 3.6662258363e-21 8.9688061936e+00
300.0 1550.0 3.5231707087e-21 8.6188458334e+00
300.0 1600.0 3.3864062550e-21 8.2842745509e+00
300.0 1650.0 3.2556190464e-21 7.9643255957e+00
300.0 1700.0 3.1305264071e-21 7.6583074483e+00
300.0 1750.0 3.0108687282e-21 7.3655850195e+00
300.0 1800.0 2.8964040628e-21 7.0855664265e+00
300.0 1850.0 2.7869043731e-21 6.8176938133e+00
300.0 1900.0 2.6821529614e-21 6.5614370654e+00
300.0 1950.0 2.5819427364e-21 6.3162895685e+00
300.0 2000.0 2.4860750613e-21 6.0817653912e+00
300.0 2050.0 2.3943589991e-21 5.8573974380e+00
300.0 2100.0 2.3066108225e-21 5.6427362510e+00
300.0 2150.0 2.2226536955e-21 5.4373492306e+00
300.0 2200.0 2.1423174607e-21 5.2408201154e+00
300.0 2250.0 2.0654384882e-21 5.0527486118e+00
300.0 2300.0 1.9918595546e-21 4.8727500999e+00
300.0 2350.0 1.9214297353e-21 4.7004553674e+00
300.0 2400.0 1.8540042947e-21 4.5355103433e+00
300.0 2450.0 1.7894445701e-21 4.3775758123e+00
300.0 2500.0 1.7276178439e-21 4.2263271032e+00
350.0 300.0 2.3297717143e-20 4.8851961307e+01
350.0 350.0 1.7900487982e-20 3.7534748185e+01
350.0 400.0 1.4689761200e-20 3.0802316010e+01
350.0 450.0 1.2631305890e-20 2.6486031348e+01
350.0 500.0 1.1197411730e-20 2.3479361569e+01
350.0 550.0 1.0122041840e-20 2.1224465610e+01
350.0 600.0 9.2696900817e-21 1.9437206590e+01
350.0 650.0 8.5684034639e-21 1.7966709438e+01
350.0 700.0 7.9769748786e-21 1.6726568776e+01
350.0 750.0 7.4694054699e-21 1.5662268743e+01
350.0 800.0 7.0277064044e-21 1.4736089344e+01
350.0 850.0 6.6385686171e-21 1.3920123384e+01
350.0 900.0 6.2917643584e-21 1.3192924744e+01
350.0 950.0 5.9793042274e-21 1.2537740799e+01
350.0 1000.0 5.6949232006e-21 1.1941434696e+01
350.0 1050.0 5.4337180553e-21 1.1393725083e+01
350.0 1100.0 5.1918655981e-21 1.0886595272e+01
350.0 1150.0 4.9663942479e-21 1.0413814287e+01
350.0 1200.0 4.7549974367e-21 9.9705455844e+00
350.0 1250.0 4.5558824419e-21 9.5530300845e+00
350.0 1300.0 4.3676496360e-21 9.1583329691e+00
350.0 1350.0 4.1891974826e-21 8.7841444750e+00
350.0 1400.0 4.0196488529e-21 8.4286253894e+00
350.0 1450.0 3.8582946150e-21 8.0902887645e+00
350.0 1500.0 3.7045509425e-21 7.7679104003e+00
350.0 1550.0 3.5579273398e-21 7.4604617984e+00
350.0 1600.0 3.4180029168e-21 7.1670604124e+00
350.0 1650.0 3.2844089338e-21 6.8869330484e+00
350.0 1700.0 3.1568160623e-21 6.6193891522e+00
350.0 1750.0 3.0349251568e-21 6.3638014582e+00
350.0 1800.0 2.9184606146e-21 6.1195920675e+00
350.0 1850.0 2.8071656302e-21 5.8862224958e+00
350.0 1900.0 2.7007988205e-21 5.6631865975e+00
350.0 1950.0 2.5991318349e-21 5.4500055542e+00
350.0 2000.0 2.5019476652e-21 5.2462243309e+00
350.0 2050.0 2.4090394472e-21 5.0514091632e+00
350.0 2100.0 2.3202096034e-21 4.8651457595e+00
350.0 2150.0 2.2352692186e-21 4.6870379920e+00
350.0 2200.0 2.1540375722e-21 4.5167069152e+00
350.0 2250.0 2.0763417716e-21 4.3537899985e+00
350.0 2300.0 2.0020164522e-21 4.1979404959e+00
350.0 2350.0 1.9309035153e-21 4.0488268972e+00
350.0 2400.0 1.8628518898e-21 3.9061324283e+00
350.0 2450.0 1.7977173055e-21 3.7695545752e+00
350.0 2500.0 1.7353620712e-21 3.6388046191e+00
400.0 300.0 2.5034313762e-20 4.5931685270e+01
400.0 350.0 1.9244761047e-20 3.5309308491e+01
400.0 400.0 1.5735956721e-20 2.8871532825e+01
400.0 450.0 1.3453991863e-20 2.4684699798e+01
400.0 500.0 1.1852103379e-20 2.1745636303e+01
400.0 550.0 1.0649442305e-20 1.9539054950e+01
400.0 600.0 9.6996281915e-21 1.7796384337e+01
400.0 650.0 8.9228574699e-21 1.6371204935e+01
400.0 700.0 8.2722724395e-21 1.5177544620e+01
400.0 750.0 7.7177957454e-21 1.4160218991e+01
400.0 800.0 7.2384775475e-21 1.3280790347e+01
400.0 850.0 6.8188424186e-21 1.2510865161e+01
400.0 900.0 6.4470633023e-21 1.1828743753e+01
400.0 950.0 6.1139584121e-21 1.1217579847e+01
400.0 1000.0 5.8123644341e-21 1.0664230560e+01
400.0 1050.0 5.5366941743e-21 1.0158444792e+01
400.0 1100.0 5.2825980796e-21 9.6922422043e+00
400.0 1150.0 5.0466952449e-21 9.2594196847e+00
400.0 1200.0 4.8263575577e-21 8.8551553058e+00
400.0 1250.0 4.6195372564e-21 8.4756919391e+00
400.0 1300.0 4.4246305713e-21 8.1180870692e+00
400.0 1350.0 4.2403711592e-21 7.7800172741e+00
400.0 1400.0 4.0657477754e-21 7.4596271733e+00
400.0 1450.0 3.8999413357e-21 7.1554139531e+00
400.0 1500.0 3.7422772518e-21 6.8661399132e+00
400.0 1550.0 3.5921896301e-21 6.5907667807e+00
400.0 1600.0 3.4491945767e-21 6.3284067316e+00
400.0 1650.0 3.3128704185e-21 6.0782861015e+00
400.0 1700.0 3.1828431294e-21 5.8397186466e+00
400.0 1750.0 3.0587756437e-21 5.6120859359e+00
400.0 1800.0 2.9403600482e-21 5.3948230257e+00
400.0 1850.0 2.8273118938e-21 5.1874080232e+00
400.0 1900.0 2.7193660565e-21 4.9893544927e+00
400.0 1950.0 2.6162737234e-21 4.8002059248e+00
400.0 2000.0 2.5178001905e-21 4.6195316964e+00
400.0 2050.0 2.4237232408e-21 4.4469240953e+00
400.0 2100.0 2.3338319371e-21 4.2819961045e+00
400.0 2150.0 2.2479257053e-21 4.1243797209e+00
400.0 2200.0 2.1658136221e-21 3.9737246481e+00
400.0 2250.0 2.0873138441e-21 3.8296972490e+00
400.0 2300.0 2.0122531334e-21 3.6919796757e+00
400.0 2350.0 1.9404664505e-21 3.5602691221e+00
400.0 2400.0 1.8717965909e-21 3.4342771574e+00
400.0 2450.0 1.8060938529e-21 3.3137291163e+00
400.0 2500.0 1.7432157248e-21 3.1983635257e+00
450.0 300.0 2.6611139563e-20 4.3399791137e+01
450.0 350.0 2.0484826538e-20 3.3408460060e+01
450.0 400.0 1.6711536456e-20 2.7254646124e+01
450.0 450.0 1.4227194541e-20 2.3202962432e+01
450.0 500.0 1.2471118511e-20 2.0338998912e+01
450.0 550.0 1.1150494769e-20 1.8185209352e+01
450.0 600.0 1.0109707680e-20 1.6487802062e+01
450.0 650.0 9.2620828611e-21 1.5105420822e+01
450.0 700.0 8.5557184727e-21 1.3953419539e+01
450.0 750.0 7.9568459514e-21 1.2976725464e+01
450.0 800.0 7.4418086970e-21 1.2136757329e+01
450.0 850.0 6.9931359351e-21 1.1405022256e+01
450.0 900.0 6.5975188405e-21 1.0759815040e+01
450.0 950.0 6.2446655957e-21 1.0184350878e+01
450.0 1000.0 5.9265733133e-21 9.6655779564e+00
450.0 1050.0 5.6370133600e-21 9.1933380709e+00
450.0 1100.0 5.3711410835e-21 8.7597301362e+00
450.0 1150.0 5.1251895435e-21 8.3586106937e+00
450.0 1200.0 4.8962266517e-21 7.9851978356e+00
450.0 1250.0 4.6819630179e-21 7.6357578225e+00
450.0 1300.0 4.4806010786e-21 7.3073590297e+00
450.0 1350.0 4.2907177526e-21 6.9976805709e+00
450.0 1400.0 4.1111740315e-21 6.7048648506e+00
450.0 1450.0 3.9410459252e-21 6.4274049447e+00
450.0 1500.0 3.7795721259e-21 6.1640592453e+00
450.0 1550.0 3.6261146064e-21 5.9137872011e+00
450.0 1600.0 3.4801291242e-21 5.6757012138e+00
450.0 1650.0 3.3411432474e-21 5.4490307997e+00
450.0 1700.0 3.2087400452e-21 5.2330959914e+00
450.0 1750.0 3.0825460181e-21 5.0272876528e+00
450.0 1800.0 2.9622221811e-21 4.8310529376e+00
450.0 1850.0 2.8474574800e-21 4.6438845511e+00
450.0 1900.0 2.7379639242e-21 4.4653128127e+00
450.0 1950.0 2.6334729777e-21 4.2948997703e+00
450.0 2000.0 2.5337328677e-21 4.1322348106e+00
450.0 2050.0 2.4385065593e-21 3.9769313564e+00
450.0 2100.0 2.3475702127e-21 3.8286243498e+00
450.0 2150.0 2.2607119867e-21 3.6869683017e+00
450.0 2200.0 2.1777310928e-21 3.5516357484e+00
450.0 2250.0 2.0984370271e-21 3.4223159993e+00
450.0 2300.0 2.0226489303e-21 3.2987140934e+00
450.0 2350.0 1.9501950398e-21 3.1805499047e+00
450.0 2400.0 1.8809122069e-21 3.0675573563e+00
450.0 2450.0 1.8146454626e-21 2.9594837108e+00
450.0 2500.0 1.7512476185e-21 2.8560889206e+00
500.0 300.0 2.8049479211e-20 4.1171005951e+01
500.0 350.0 2.1633565789e-20 3.1753732722e+01
500.0 400.0 1.7624754499e-20 2.5869602316e+01
500.0 450.0 1.4956458503e-20 2.1953079320e+01
500.0 500.0 1.3058329652e-20 1.9167007122e+01
500.0 550.0 1.1627993667e-20 1.7067560964e+01
500.0 600.0 1.0502001939e-20 1.5414831095e+01
500.0 650.0 9.5876557020e-21 1.4072754328e+01
500.0 700.0 8.8285368942e-21 1.2958520273e+01
500.0 750.0 8.1875249352e-21 1.2017643369e+01
500.0 800.0 7.6384802435e-21 1.1211755954e+01
500.0 850.0 7.1620878441e-21 1.0512507524e+01
500.0 900.0 6.7436613919e-21 9.8983414704e+00
500.0 950.0 6.3718723054e-21 9.3526297096e+00
500.0 1000.0 6.0379305012e-21 8.8624701630e+00
500.0 1050.0 5.7350039378e-21 8.4178347654e+00
500.0 1100.0 5.4577808790e-21 8.0109269537e+00
500.0 1150.0 5.2021292623e-21 7.6356816898e+00
500.0 1200.0 4.9648288312e-21 7.2873722831e+00
500.0 1250.0 4.7433606551e-21 6.9623014492e+00
500.0 1300.0 4.5357427228e-21 6.6575599936e+00
500.0 1350.0 4.3404025159e-21 6.3708397746e+00
500.0 1400.0 4.1560790196e-21 6.1002898757e+00
500.0 1450.0 3.9817479202e-21 5.8444068101e+00
500.0 1500.0 3.8165648684e-21 5.6019512423e+00
500.0 1550.0 3.6598226782e-21 5.3718851652e+00
500.0 1600.0 3.5109191835e-21 5.1533247198e+00
500.0 1650.0 3.3693331830e-21 4.9455048874e+00
500.0 1700.0 3.2346064839e-21 4.7477531329e+00
500.0 1750.0 3.1063305178e-21 4.5594697596e+00
500.0 1800.0 2.9841363679e-21 4.3801132719e+00
500.0 1850.0 2.8676873314e-21 4.2091894577e+00
500.0 1900.0 2.7566733580e-21 4.0462432252e+00
500.0 1950.0 2.6508068718e-21 3.8908524709e+00
500.0 2000.0 2.5498196124e-21 3.7426234422e+00
500.0 2050.0 2.4534602228e-21 3.6011871976e+00
500.0 2100.0 2.3614923847e-21 3.4661968692e+00
500.0 2150.0 2.2736933547e-21 3.3373255144e+00
500.0 2200.0 2.1898527927e-21 3.2142643962e+00
500.0 2250.0 2.1097718054e-21 3.0967215791e+00
500.0 2300.0 2.0332621466e-21 2.9844207555e+00
500.0 2350.0 1.9601455338e-21 2.8771002424e+00
500.0 2400.0 1.8902530507e-21 2.7745121047e+00
500.0 2450.0 1.8234246151e-21 2.6764213736e+00
500.0 2500.0 1.7595084955e-21 2.5826053380e+00
550.0 300.0 2.9366715931e-20 3.9185859170e+01
550.0 350.0 2.2701643008e-20 3.0292232470e+01
550.0 400.0 1.8482524079e-20 2.4662396278e+01
550.0 450.0 1.5646475612e-20 2.0878078137e+01
550.0 500.0 1.3617043985e-20 1.8170079663e+01
550.0 550.0 1.2084344937e-20 1.6124902763e+01
550.0 600.0 1.0878308675e-20 1.4515612598e+01
550.0 650.0 9.9009504662e-21 1.3211461967e+01
550.0 700.0 9.0917998901e-21 1.2131761377e+01
550.0 750.0 8.4106840514e-21 1.1222905603e+01
550.0 800.0 7.8291789998e-21 1.0446966778e+01
550.0 850.0 7.3262602010e-21 9.7758905405e+00
550.0 900.0 6.8859569379e-21 9.1883661575e+00
550.0 950.0 6.4959695003e-21 8.6679813503e+00
550.0 1000.0 6.1467676336e-21 8.2020192998e+00
550.0 1050.0 5.8309500999e-21 7.7806040681e+00
550.0 1100.0 5.5427633219e-21 7.3960582945e+00
550.0 1150.0 5.2777289878e-21 7.0424062853e+00
550.0 1200.0 5.0323529570e-21 6.7149855887e+00
550.0 1250.0 4.8038976957e-21 6.4101433409e+00
550.0 1300.0 4.5902052108e-21 6.1249999957e+00
550.0 1350.0 4.3895601659e-21 5.8572666717e+00
550.0 1400.0 4.2005847662e-21 5.6051048904e+00
550.0 1450.0 4.0221585377e-21 5.3670195329e+00
550.0 1500.0 3.8533574344e-21 5.1417775862e+00
550.0 1550.0 3.6934078199e-21 4.9283467387e+00
550.0 1600.0 3.5416518139e-21 4.7258491393e+00
550.0 1650.0 3.3975212609e-21 4.5335266623e+00
550.0 1700.0 3.2605182063e-21 4.3507148553e+00
550.0 1750.0 3.1302002602e-21 4.1768234098e+00
550.0 1800.0 3.0061696172e-21 4.0113215089e+00
550.0 1850.0 2.8880648028e-21 3.8537268144e+00
550.0 1900.0 2.7755544467e-21 3.7035971582e+00
550.0 1950.0 2.6683325612e-21 3.5605242414e+00
550.0 2000.0 2.5661149324e-21 3.4241288195e+00
550.0 2050.0 2.4686363376e-21 3.2940569894e+00
550.0 2100.0 2.3756483717e-21 3.1699772882e+00
550.0 2150.0 2.2869177252e-21 3.0515783965e+00
550.0 2200.0 2.2022247967e-21 2.9385672864e+00
550.0 2250.0 2.1213625543e-21 2.8306677021e+00
550.0 2300.0 2.0441355821e-21 2.7276188878e+00
550.0 2350.0 1.9703592663e-21 2.6291745017e+00
550.0 2400.0 1.8998590872e-21 2.5351016712e+00
550.0 2450.0 1.8324699921e-21 2.4451801560e+00
550.0 2500.0 1.7680358313e-21 2.3592015960e+00
600.0 300.0 3.0577338687e-20 3.7401163600e+01
600.0 350.0 2.3698073155e-20 2.8986679324e+01
600.0 400.0 1.9290760464e-20 2.3595803922e+01
600.0 450.0 1.6301303611e-20 1.9939201691e+01
600.0 500.0 1.4150149044e-20 1.7307982385e+01
600.0 550.0 1.2521666914e-20 1.5316078276e+01
600.0 600.0 1.1240222210e-20 1.3748658576e+01
600.0 650.0 1.0203193537e-20 1.2480200276e+01
600.0 700.0 9.3464687257e-21 1.1432283544e+01
600.0 750.0 8.6270892156e-21 1.0552362926e+01
600.0 800.0 8.0145240999e-21 9.8030940531e+00
600.0 850.0 7.4861599364e-21 9.1568169286e+00
600.0 900.0 7.0248253225e-21 8.5925280758e+00
600.0 950.0 6.6173085118e-21 8.0940673346e+00
600.0 1000.0 6.2533814916e-21 7.6489241466e+00
600.0 1050.0 5.9251047278e-21 7.2473871432e+00
600.0 1100.0 5.6263056297e-21 6.8819062207e+00
600.0 1150.0 5.3521767188e-21 6.5466010344e+00
600.0 1200.0 5.0989629102e-21 6.2368784919e+00
600.0 1250.0 4.8637179799e-21 5.9491348719e+00
600.0 1300.0 4.6441156289e-21 5.6805247244e+00
600.0 1350.0 4.4383037073e-21 5.4287825623e+00
600.0 1400.0 4.2447923814e-21 5.1920860717e+00
600.0 1450.0 4.0623687948e-21 4.9689517279e+00
600.0 1500.0 3.8900322400e-21 4.7581554990e+00
600.0 1550.0 3.7269450887e-21 4.5586728269e+00
600.0 1600.0 3.5723957521e-21 4.3696333202e+00
600.0 1650.0 3.4257707681e-21 4.1902866129e+00
600.0 1700.0 3.2865337831e-21 4.0199766552e+00
600.0 1750.0 3.1542097191e-21 3.8581223482e+00
600.0 1800.0 3.0283728306e-21 3.7042029340e+00
600.0 1850.0 2.9086376685e-21 3.5577469448e+00
600.0 1900.0 2.7946522168e-21 3.4183238063e+00
600.0 1950.0 2.6860926473e-21 3.2855374228e+00
600.0 2000.0 2.5826592802e-21 3.1590212363e+00
600.0 2050.0 2.4840734438e-21 3.0384343850e+00
600.0 2100.0 2.3900750039e-21 2.9234586814e+00
600.0 2150.0 2.3004203929e-21 2.8137962019e+00
600.0 2200.0 2.2148810140e-21 2.7091673350e+00
600.0 2250.0 2.1332419270e-21 2.6093091727e+00
600.0 2300.0 2.0553007458e-21 2.5139741633e+00
600.0 2350.0 1.9808666992e-21 2.4229289620e+00
600.0 2400.0 1.9097598151e-21 2.3359534332e+00
600.0 2450.0 1.8418102026e-21 2.2528397717e+00
600.0 2500.0 1.7768574092e-21 2.1733917178e+00
650.0 300.0 3.1693654791e-20 3.5784557167e+01
650.0 350.0 2.4630624457e-20 2.7809856413e+01
650.0 400.0 2.0054623202e-20 2.2643201460e+01
650.0 450.0 1.6924519349e-20 1.9109075118e+01
650.0 500.0 1.4660213652e-20 1.6552501028e+01
650.0 550.0 1.2941859179e-20 1.4612347572e+01
650.0 600.0 1.1589181944e-20 1.3085071650e+01
650.0 650.0 1.0495498348e-20 1.1850219329e+01
650.0 700.0 9.5934199945e-21 1.0831703963e+01
650.0 750.0 8.8374411138e-21 9.9781460620e+00
650.0 800.0 8.1950830475e-21 9.2528747389e+00
650.0 850.0 7.6422520062e-21 8.6286862655e+00
650.0 900.0 7.1606513615e-21 8.0849223507e+00
650.0 950.0 6.7362107040e-21 7.6056964277e+00
650.0 1000.0 6.3580426202e-21 7.1787157748e+00
650.0 1050.0 6.0176972540e-21 6.7944398593e+00
650.0 1100.0 5.7086036810e-21 6.4454496054e+00
650.0 1150.0 5.4256407389e-21 6.1259628297e+00
650.0 1200.0 5.1648041281e-21 5.8314583722e+00
650.0 1250.0 4.9229479206e-21 5.5583842399e+00
650.0 1300.0 4.6975844685e-21 5.3039316882e+00
650.0 1350.0 4.4867302477e-21 5.0658611668e+00
650.0 1400.0 4.2887876791e-21 4.8423688871e+00
650.0 1450.0 4.1024549426e-21 4.6319849947e+00
650.0 1500.0 3.9266574141e-21 4.4334961568e+00
650.0 1550.0 3.7604956956e-21 4.2458868844e+00
650.0 1600.0 3.6032063015e-21 4.0682951439e+00
650.0 1650.0 3.4541319510e-21 3.8999788152e+00
650.0 1700.0 3.3126991211e-21 3.7402903470e+00
650.0 1750.0 3.1784010692e-21 3.5886575881e+00
650.0 1800.0 3.0507849648e-21 3.4445692582e+00
650.0 1850.0 2.9294421043e-21 3.3075639000e+00
650.0 1900.0 2.8140004341e-21 3.1772214365e+00
650.0 1950.0 2.7041188023e-21 3.0531566809e+00
650.0 2000.0 2.5994825035e-21 2.9350143070e+00
650.0 2050.0 2.4997997945e-21 2.8224649142e+00
650.0 2100.0 2.4047991356e-21 2.7152019137e+00
650.0 2150.0 2.3142269808e-21 2.6129390327e+00
650.0 2200.0 2.2278459796e-21 2.5154082841e+00
650.0 2250.0 2.1454334926e-21 2.4223582912e+00
650.0 2300.0 2.0667803458e-21 2.3335528806e+00
650.0 2350.0 1.9916897691e-21 2.2487698838e+00
650.0 2400.0 1.9199764767e-21 2.1678000989e+00
650.0 2450.0 1.8514658603e-21 2.0904463798e+00
650.0 2500.0 1.7859932707e-21 2.0165228250e+00
700.0 300.0 3.2726265956e-20 3.4311135902e+01
700.0 350.0 2.5506078315e-20 2.6741288498e+01
700.0 400.0 2.0778665160e-20 2.1784935840e+01
700.0 450.0 1.7519307132e-20 1.8367733389e+01
700.0 500.0 1.5149541365e-20 1.5883204436e+01
700.0 550.0 1.3346635154e-20 1.3992986955e+01
700.0 600.0 1.1926492164e-20 1.2504069178e+01
700.0 650.0 1.0778877200e-20 1.1300877435e+01
700.0 700.0 9.8334523911e-21 1.0309667526e+01
700.0 750.0 9.0423787881e-21 9.4802837540e+00
700.0 800.0 8.3713733071e-21 8.7767827715e+00
700.0 850.0 7.7949597640e-21 8.1724546323e+00
700.0 900.0 7.2937845049e-21 7.6470084218e+00
700.0 950.0 6.8529667569e-21 7.1848427205e+00
700.0 1000.0 6.4609944489e-21 6.7738879496e+00
700.0 1050.0 6.1089327547e-21 6.4047765865e+00
700.0 1100.0 5.7898311636e-21 6.0702215208e+00
700.0 1150.0 5.4982688651e-21 5.7645394224e+00
700.0 1200.0 5.2300029755e-21 5.4832819332e+00
700.0 1250.0 4.9816960027e-21 5.2229499325e+00
700.0 1300.0 4.7507052466e-21 4.9807727396e+00
700.0 1350.0 4.5349207281e-21 4.7545381931e+00
700.0 1400.0 4.3326410011e-21 4.5424624490e+00
700.0 1450.0 4.1424783661e-21 4.3430906043e+00
700.0 1500.0 3.9632867567e-21 4.1552210908e+00
700.0 1550.0 3.7941070049e-21 3.9778482900e+00
700.0 1600.0 3.6341253575e-21 3.8101190399e+00
700.0 1650.0 3.4826420513e-21 3.6512996894e+00
700.0 1700.0 3.3390474980e-21 3.5007511287e+00
700.0 1750.0 3.2028042071e-21 3.3579098380e+00
700.0 1800.0 3.0734330307e-21 3.2222734650e+00
700.0 1850.0 2.9505026557e-21 3.0933898091e+00
700.0 1900.0 2.8336215362e-21 2.9708483624e+00
700.0 1950.0 2.7224316597e-21 2.8542737745e+00
700.0 2000.0 2.6166036906e-21 2.7433207610e+00
700.0 2050.0 2.5158331526e-21 2.6376701002e+00
700.0 2100.0 2.4198373924e-21 2.5370254505e+00
700.0 2150.0 2.3283531368e-21 2.4411107888e+00
700.0 2200.0 2.2411344993e-21 2.3496683209e+00
700.0 2250.0 2.1579513307e-21 2.2624567519e+00
700.0 2300.0 2.0785878341e-21 2.1792498342e+00
700.0 2350.0 2.0028413841e-21 2.0998351297e+00
700.0 2400.0 1.9305215071e-21 2.0240129405e+00
700.0 2450.0 1.8614489877e-21 1.9515953722e+00
700.0 2500.0 1.7954550768e-21 1.8824055035e+00
750.0 300.0 3.3684397954e-20 3.2961290492e+01
750.0 350.0 2.6330403665e-20 2.5765165379e+01
750.0 400.0 2.1466928166e-20 2.1006094756e+01
750.0 450.0 1.8088512131e-20 1.7700203630e+01
750.0 500.0 1.5620200224e-20 1.5284879303e+01
750.0 550.0 1.3737538207e-20 1.3442632643e+01
750.0 600.0 1.2253330111e-20 1.1990286240e+01
750.0 650.0 1.1054244574e-20 1.0816941632e+01
750.0 700.0 1.0067287228e-20 9.8511714310e+00
750.0 750.0 9.2424785580e-21 9.0440690385e+00
750.0 800.0 8.5438603734e-21 8.3604481836e+00
750.0 850.0 7.9446626413e-21 7.7741135091e+00
750.0 900.0 7.4245364149e-21 7.2651529017e+00
750.0 950.0 6.9678343176e-21 6.8182548892e+00
750.0 1000.0 6.5624511150e-21 6.4215741019e+00
750.0 1050.0 6.1989899986e-21 6.0659154538e+00
750.0 1100.0 5.8701378692e-21 5.7441228369e+00
750.0 1150.0 5.5701869895e-21 5.4506110427e+00
750.0 1200.0 5.2946655210e-21 5.1810042303e+00
750.0 1250.0 5.0400517737e-21 4.9318563102e+00
750.0 1300.0 4.8035536881e-21 4.7004351606e+00
750.0 1350.0 4.5829392709e-21 4.4845567025e+00
750.0 1400.0 4.3764067050e-21 4.2824577988e+00
750.0 1450.0 4.1824851883e-21 4.0926992211e+00
750.0 1500.0 3.9999594352e-21 3.9140917727e+00
750.0 1550.0 3.8278123023e-21 3.7456401453e+00
750.0 1600.0 3.6651812281e-21 3.5865002940e+00
750.0 1650.0 3.5113251630e-21 3.4359470775e+00
750.0 1700.0 3.3655994391e-21 3.2933496672e+00
750.0 1750.0 3.2274366378e-21 3.1581528252e+00
750.0 1800.0 3.0963319780e-21 3.0298626066e+00
750.0 1850.0 2.9718321123e-21 2.9080353961e+00
750.0 1900.0 2.8535264888e-21 2.7922694552e+00
750.0 1950.0 2.7410406474e-21 2.6821983623e+00
750.0 2000.0 2.6340309754e-21 2.5774858812e+00
750.0 2050.0 2.5321805657e-21 2.4778219079e+00
750.0 2100.0 2.4351959119e-21 2.3829192366e+00
750.0 2150.0 2.3428042389e-21 2.2925109479e+00
750.0 2200.0 2.2547513196e-21 2.2063482724e+00
750.0 2250.0 2.1707996651e-21 2.1241988193e+00
750.0 2300.0 2.0907270036e-21 2.0458450883e+00
750.0 2350.0 2.0143249845e-21 1.9710832015e+00
750.0 2400.0 1.9413980601e-21 1.8997218091e+00
750.0 2450.0 1.8717625081e-21 1.8315811328e+00
750.0 2500.0 1.8052455676e-21 1.7664921203e+00
800.0 300.0 3.4576116150e-20 3.1719249426e+01
800.0 350.0 2.7108863248e-20 2.4868981562e+01
800.0 400.0 2.2122995270e-20 2.0295073107e+01
800.0 450.0 1.8634664692e-20 1.7094967369e+01
800.0 500.0 1.6074032179e-20 1.4745908238e+01
800.0 550.0 1.4115943036e-20 1.2949607066e+01
800.0 600.0 1.2570743075e-20 1.1532079929e+01
800.0 650.0 1.1322412026e-20 1.0386892779e+01
800.0 700.0 1.0295562328e-20 9.4448869865e+00
800.0 750.0 9.4382475942e-21 8.6584082575e+00
800.0 800.0 8.7129514204e-21 7.9930399974e+00
800.0 850.0 8.0916900903e-21 7.4231106565e+00
800.0 900.0 7.5531753168e-21 6.9290909018e+00
800.0 950.0 7.0810328083e-21 6.4959593745e+00
800.0 1000.0 6.6625927418e-21 6.1120931017e+00
800.0 1050.0 6.2880171836e-21 5.7684670128e+00
800.0 1100.0 5.9496458637e-21 5.4580537713e+00
800.0 1150.0 5.6414956508e-21 5.1753646045e+00
800.0 1200.0 5.3588744737e-21 4.9160951258e+00
800.0 1250.0 5.0980831100e-21 4.6768517626e+00
800.0 1300.0 4.8561852844e-21 4.4549408507e+00
800.0 1350.0 4.6308309966e-21 4.2482065595e+00
800.0 1400.0 4.4201212081e-21 4.0549067595e+00
800.0 1450.0 4.2225045106e-21 3.8736182281e+00
800.0 1500.0 4.0366983957e-21 3.7031644247e+00
800.0 1550.0 3.8616293524e-21 3.5425605377e+00
800.0 1600.0 3.6963873168e-21 3.3909716976e+00
800.0 1650.0 3.5401910208e-21 3.2476811889e+00
800.0 1700.0 3.3923615976e-21 3.1120662364e+00
800.0 1750.0 3.2523024299e-21 2.9835795187e+00
800.0 1800.0 3.1194837132e-21 2.8617350066e+00
800.0 1850.0 2.9934305778e-21 2.7460970667e+00
800.0 1900.0 2.8737138988e-21 2.6362720307e+00
800.0 1950.0 2.7599431365e-21 2.5319016273e+00
800.0 2000.0 2.6517607147e-21 2.4326578255e+00
800.0 2050.0 2.5488375655e-21 2.3382387466e+00
800.0 2100.0 2.4508695619e-21 2.2483653921e+00
800.0 2150.0 2.3575746280e-21 2.1627789929e+00
800.0 2200.0 2.2686903710e-21 2.0812388365e+00
800.0 2250.0 2.1839721147e-21 2.0035204632e+00
800.0 2300.0 2.1031912457e-21 1.9294141489e+00
800.0 2350.0 2.0261338052e-21 1.8587236131e+00
800.0 2400.0 1.9525992742e-21 1.7912649049e+00
800.0 2450.0 1.8823995139e-21 1.7268654305e+00
800.0 2500.0 1.8153578314e-21 1.6653630964e+00
850.0 300.0 3.5408478047e-20 3.0572081936e+01
850.0 350.0 2.7846086579e-20 2.4042627287e+01
850.0 400.0 2.2750025012e-20 1.9642629875e+01
850.0 450.0 1.9159995048e-20 1.6542957247e+01
850.0 500.0 1.6512657703e-20 1.4257216128e+01
850.0 550.0 1.4483055079e-20 1.2504834181e+01
850.0 600.0 1.2879645199e-20 1.1120431887e+01
850.0 650.0 1.1584083801e-20 1.0001829467e+01
850.0 700.0 1.0518827224e-20 9.0820748448e+00
850.0 750.0 9.6301191346e-21 8.3147541910e+00
850.0 800.0 8.8789907591e-21 7.6662214241e+00
850.0 850.0 8.2363173977e-21 7.1113299476e+00
850.0 900.0 7.6799222156e-21 6.6309320307e+00
850.0 950.0 7.1927400564e-21 6.2102934234e+00
850.0 1000.0 6.7615624701e-21 5.8380098003e+00
850.0 1050.0 6.3761293457e-21 5.5052224649e+00
850.0 1100.0 6.0284472447e-21 5.2050297917e+00
850.0 1150.0 5.7122681083e-21 4.9320371358e+00
850.0 1200.0 5.4226875421e-21 4.6820099873e+00
850.0 1250.0 5.1558348283e-21 4.4516063246e+00
850.0 1300.0 4.9086341294e-21 4.2381704347e+00
850.0 1350.0 4.6786210573e-21 4.0395745370e+00
850.0 1400.0 4.4638021925e-21 3.8540974903e+00
850.0 1450.0 4.2625477688e-21 3.6803321360e+00
850.0 1500.0 4.0735098483e-21 3.5171146493e+00
850.0 1550.0 3.8955599960e-21 3.3634707266e+00
850.0 1600.0 3.7277418156e-21 3.2185746045e+00
850.0 1650.0 3.5692347764e-21 3.0817178272e+00
850.0 1700.0 3.4193265987e-21 2.9522854048e+00
850.0 1750.0 3.2773921189e-21 2.8297375635e+00
850.0 1800.0 3.1428770526e-21 2.7135957281e+00
850.0 1850.0 3.0152854647e-21 2.6034317026e+00
850.0 1900.0 2.8941700432e-21 2.4988592726e+00
850.0 1950.0 2.7791244967e-21 2.3995276417e+00
850.0 2000.0 2.6697775662e-21 2.3051162605e+00
850.0 2050.0 2.5657882638e-21 2.2153307162e+00
850.0 2100.0 2.4668420495e-21 2.1298994315e+00
850.0 2150.0 2.3726477270e-21 2.0485709840e+00
850.0 2200.0 2.2829348945e-21 1.9711119060e+00
850.0 2250.0 2.1974518255e-21 1.8973048537e+00
850.0 2300.0 2.1159636852e-21 1.8269470682e+00
850.0 2350.0 2.0382510118e-21 1.7598490637e+00
850.0 2400.0 1.9641084079e-21 1.6958334978e+00
850.0 2450.0 1.8933434004e-21 1.6347341869e+00
850.0 2500.0 1.8257754369e-21 1.5763952401e+00
900.0 300.0 3.6187649647e-20 2.9509003789e+01
900.0 350.0 2.8546126906e-20 2.3277769495e+01
900.0 400.0 2.3350779574e-20 1.9041254396e+01
900.0 450.0 1.9666446935e-20 1.6036887247e+01
900.0 500.0 1.6937481886e-20 1.3811568920e+01
900.0 550.0 1.4839912687e-20 1.2101118585e+01
900.0 600.0 1.3180817634e-20 1.0748219387e+01
900.0 650.0 1.1839856006e-20 9.6547401983e+00
900.0 700.0 1.0737541921e-20 8.7558647311e+00
900.0 750.0 9.8184511461e-21 8.0063976218e+00
900.0 800.0 9.0422585664e-21 7.3734559968e+00
900.0 850.0 8.3787645664e-21 6.8324137585e+00
900.0 900.0 7.8049499706e-21 6.3645000574e+00
900.0 950.0 7.3030915745e-21 5.9552626116e+00
900.0 1000.0 6.8594659411e-21 5.5935107259e+00
900.0 1050.0 6.4634080347e-21 5.2705476606e+00
900.0 1100.0 6.1066039943e-21 4.9795939268e+00
900.0 1150.0 5.7825503563e-21 4.7153463140e+00
900.0 1200.0 5.4861375925e-21 4.4736382878e+00
900.0 1250.0 5.2133289736e-21 4.2511781212e+00
900.0 1300.0 4.9609133205e-21 4.0453472774e+00
900.0 1350.0 4.7263151372e-21 3.8540455833e+00
900.0 1400.0 4.5074491928e-21 3.6755726500e+00
900.0 1450.0 4.3026093945e-21 3.5085372542e+00
900.0 1500.0 4.1103839941e-21 3.3517881940e+00
900.0 1550.0 3.9295909327e-21 3.2043615669e+00
900.0 1600.0 3.7592285349e-21 3.0654405623e+00
900.0 1650.0 3.5984378664e-21 2.9343247675e+00
900.0 1700.0 3.4464739418e-21 2.8104066885e+00
900.0 1750.0 3.3026836356e-21 2.6931537380e+00
900.0 1800.0 3.1664886719e-21 2.5820943645e+00
900.0 1850.0 3.0373724601e-21 2.4768073171e+00
900.0 1900.0 2.9148698470e-21 2.3769132895e+00
900.0 1950.0 2.7985590844e-21 2.2820683695e+00
900.0 2000.0 2.6880554820e-21 2.1919588638e+00
900.0 2050.0 2.5830063485e-21 2.1062971723e+00
900.0 2100.0 2.4830869178e-21 2.0248184666e+00
900.0 2150.0 2.3879970357e-21 1.9472779875e+00
900.0 2200.0 2.2974584330e-21 1.8734488221e+00
900.0 2250.0 2.2112124564e-21 1.8031200532e+00
900.0 2300.0 2.1290181585e-21 1.7360952015e+00
900.0 2350.0 2.0506506701e-21 1.6721908990e+00
900.0 2400.0 1.9758998001e-21 1.6112357464e+00
900.0 2450.0 1.9045688155e-21 1.5530693190e+00
900.0 2500.0 1.8364733711e-21 1.4975412937e+00
950.0 300.0 3.6918999887e-20 2.8520885364e+01
950.0 350.0 2.9212510363e-20 2.2567422243e+01
950.0 400.0 2.3927651701e-20 1.8484731798e+01
950.0 450.0 2.0155693043e-20 1.5570795863e+01
950.0 500.0 1.7349703727e-20 1.3403096308e+01
950.0 550.0 1.5187392996e-20 1.1732655163e+01
950.0 600.0 1.3474912482e-20 1.0409719531e+01
950.0 650.0 1.2090219445e-20 9.3400082306e+00
950.0 700.0 1.0952079095e-20 8.4607652783e+00
950.0 750.0 1.0003528149e-20 7.7279850603e+00
950.0 800.0 9.2029724996e-21 7.1095350489e+00
950.0 850.0 8.5191978141e-21 6.5813013621e+00
950.0 900.0 7.9283847340e-21 6.1248829277e+00
950.0 950.0 7.4121819724e-21 5.7261029003e+00
950.0 1000.0 6.9563727001e-21 5.3739784104e+00
950.0 1050.0 6.5499027213e-21 5.0599698049e+00
950.0 1100.0 6.1841493958e-21 4.7774158707e+00
950.0 1150.0 5.8523625522e-21 4.5211019250e+00
950.0 1200.0 5.5492340917e-21 4.2869273238e+00
950.0 1250.0 5.2705662743e-21 4.0716492042e+00
950.0 1300.0 5.0130164273e-21 3.8726852647e+00
950.0 1350.0 4.7739009328e-21 3.6879623408e+00
950.0 1400.0 4.5510450871e-21 3.5158004174e+00
950.0 1450.0 4.3426683172e-21 3.3548239558e+00
950.0 1500.0 4.1472965344e-21 3.2038941842e+00
950.0 1550.0 3.9636952367e-21 3.0620574178e+00
950.0 1600.0 3.7908184241e-21 2.9285055944e+00
950.0 1650.0 3.6277695382e-21 2.8025460993e+00
950.0 1700.0 3.4737715272e-21 2.6835786400e+00
950.0 1750.0 3.3281438344e-21 2.5710774686e+00
950.0 1800.0 3.1902846343e-21 2.4645776594e+00
950.0 1850.0 3.0596570517e-21 2.3636644625e+00
950.0 1900.0 2.9357784065e-21 2.2679649947e+00
950.0 1950.0 2.8182117603e-21 2.1771417100e+00
950.0 2000.0 2.7065592202e-21 2.0908872257e+00
950.0 2050.0 2.6004565879e-21 2.0089201892e+00
950.0 2100.0 2.4995690418e-21 1.9309819420e+00
950.0 2150.0 2.4035876170e-21 1.8568338009e+00
950.0 2200.0 2.3122263061e-21 1.7862548177e+00
950.0 2250.0 2.2252196422e-21 1.7190399122e+00
950.0 2300.0 2.1423206644e-21 1.6549983008e+00
950.0 2350.0 2.0632991840e-21 1.5939521569e+00
950.0 2400.0 1.9879402934e-21 1.5357354585e+00
950.0 2450.0 1.9160430687e-21 1.4801929869e+00
950.0 2500.0 1.8474194327e-21 1.4271794474e+00
1000.0 300.0 3.7607185841e-20 2.7599900526e+01
1000.0 350.0 2.9848284863e-20 2.1905645814e+01
1000.0 400.0 2.4482695130e-20 1.7967841387e+01
1000.0 450.0 2.0629155398e-20 1.5139729927e+01
1000.0 500.0 1.7750330707e-20 1.3026961493e+01
1000.0 550.0 1.5526222962e-20 1.1394689598e+01
1000.0 600.0 1.3762461554e-20 1.0100265718e+01
1000.0 650.0 1.2335566856e-20 9.0530681978e+00
1000.0 700.0 1.1162730254e-20 8.1923238261e+00
1000.0 750.0 1.0185566615e-20 7.4751837737e+00
1000.0 800.0 9.3612925154e-21 6.8702493006e+00
1000.0 850.0 8.6577339449e-21 6.3539079119e+00
1000.0 900.0 8.0503099666e-21 5.9081196669e+00
1000.0 950.0 7.5200686822e-21 5.5189757738e+00
1000.0 1000.0 7.0523196830e-21 5.1756949470e+00
1000.0 1050.0 6.6356340812e-21 4.8698895297e+00
1000.0 1100.0 6.2610911470e-21 4.5950126014e+00
1000.0 1150.0 5.9217019841e-21 4.3459350135e+00
1000.0 1200.0 5.6119659464e-21 4.1186198439e+00
1000.0 1250.0 5.3275288731e-21 3.9098715754e+00
1000.0 1300.0 5.0649201267e-21 3.7171431083e+00
1000.0 1350.0 4.8213507056e-21 3.5383875954e+00
1000.0 1400.0 4.5945585767e-21 3.3719449313e+00
1000.0 1450.0 4.3826903786e-21 3.2164549349e+00
1000.0 1500.0 4.1842110295e-21 3.0707910101e+00
1000.0 1550.0 3.9978346648e-21 2.9340094613e+00
1000.0 1600.0 3.8224718352e-21 2.8053107420e+00
1000.0 1650.0 3.6571890711e-21 2.6840097793e+00
1000.0 1700.0 3.5011778416e-21 2.5695131925e+00
1000.0 1750.0 3.3537306440e-21 2.4613017458e+00
1000.0 1800.0 3.2142225086e-21 2.3589167741e+00
1000.0 1850.0 3.0820966166e-21 2.2619496282e+00
1000.0 1900.0 2.9568530488e-21 2.1700334176e+00
1000.0 1950.0 2.8380399221e-21 2.0828365055e+00
1000.0 2000.0 2.7252463513e-21 2.0000573434e+00
1000.0 2050.0 2.6180968120e-21 1.9214203340e+00
1000.0 2100.0 2.5162465836e-21 1.8466724870e+00
1000.0 2150.0 2.4193780274e-21 1.7755806876e+00
1000.0 2200.0 2.3271975166e-21 1.7079294429e+00
1000.0 2250.0 2.2394328754e-21 1.6435190034e+00
1000.0 2300.0 2.1558312213e-21 1.5821637787e+00
1000.0 2350.0 2.0761571275e-21 1.5236909892e+00
1000.0 2400.0 2.0001910418e-21 1.4679395055e+00
1000.0 2450.0 1.9277279134e-21 1.4147588409e+00
1000.0 2500.0 1.8585759897e-21 1.3640082684e+00
1050.0 300.0 3.8256232081e-20 2.6739271747e+01
1050.0 350.0 3.0456069449e-20 2.1287332104e+01
1050.0 400.0 2.5017657976e-20 1.7486143269e+01
1050.0 450.0 2.1088029540e-20 1.4739521427e+01
1050.0 500.0 1.8140197261e-20 1.2679128020e+01
1050.0 550.0 1.5856994073e-20 1.1083278477e+01
1050.0 600.0 1.4043888485e-20 9.8160046128e+00
1050.0 650.0 1.2576203138e-20 8.7901629345e+00
1050.0 700.0 1.1369714568e-20 7.9468852780e+00
1050.0 750.0 1.0364722701e-20 7.2444441549e+00
1050.0 800.0 9.5173277410e-21 6.6521557125e+00
1050.0 850.0 8.7944465209e-21 6.1468964035e+00
1050.0 900.0 8.1707720332e-21 5.7109778432e+00
1050.0 950.0 7.6267770729e-21 5.3307514519e+00
1050.0 1000.0 7.1473159227e-21 4.9956310991e+00
1050.0 1050.0 6.7205983553e-21 4.6973759817e+00
1050.0 1100.0 6.3374154216e-21 4.4295494855e+00
1050.0 1150.0 5.9905468744e-21 4.1871050042e+00
1050.0 1200.0 5.6743050861e-21 3.9660671588e+00
1050.0 1250.0 5.3841837157e-21 3.7632862329e+00
1050.0 1300.0 5.1165874230e-21 3.5762492562e+00
1050.0 1350.0 4.8686243545e-21 3.4029349616e+00
1050.0 1400.0 4.6379471294e-21 3.2417026428e+00
1050.0 1450.0 4.4226311637e-21 3.0912071077e+00
1050.0 1500.0 4.2210816286e-21 2.9503336475e+00
1050.0 1550.0 4.0319622986e-21 2.8181483045e+00
1050.0 1600.0 3.8541410854e-21 2.6938598035e+00
1050.0 1650.0 3.6866482704e-21 2.5767903575e+00
1050.0 1700.0 3.5286443876e-21 2.4663532200e+00
1050.0 1750.0 3.3793954400e-21 2.3620353625e+00
1050.0 1800.0 3.2382536908e-21 2.2633840479e+00
1050.0 1850.0 3.1046426945e-21 2.1699963684e+00
1050.0 1900.0 2.9780455615e-21 2.0815110431e+00
1050.0 1950.0 2.8579956930e-21 1.9976019417e+00
1050.0 2000.0 2.7440694076e-21 1.9179729313e+00
1050.0 2050.0 2.6358800245e-21 1.8423537404e+00
1050.0 2100.0 2.5330730707e-21 1.7704966095e+00
1050.0 2150.0 2.4353223614e-21 1.7021735511e+00
1050.0 2200.0 2.3423267622e-21 1.6371740866e+00
1050.0 2250.0 2.2538074864e-21 1.5753033576e+00
1050.0 2300.0 2.1695058168e-21 1.5163805330e+00
1050.0 2350.0 2.0891811647e-21 1.4602374529e+00
1050.0 2400.0 2.0126094012e-21 1.4067174621e+00
1050.0 2450.0 1.9395814088e-21 1.3556743972e+00
1050.0 2500.0 1.8699018134e-21 1.3069717013e+00
1100.0 300.0 3.8869607445e-20 2.5933083000e+01
1100.0 350.0 3.1038105160e-20 2.0708049558e+01
1100.0 400.0 2.5534019098e-20 1.7035825163e+01
1100.0 450.0 2.1533312047e-20 1.4366627431e+01
1100.0 500.0 1.8519986506e-20 1.2356192377e+01
1100.0 550.0 1.6180180049e-20 1.0795116795e+01
1100.0 600.0 1.4319523500e-20 9.5537211683e+00
1100.0 650.0 1.2812357925e-20 8.5481681787e+00
1100.0 700.0 1.1573189730e-20 7.7214180835e+00
1100.0 750.0 1.0541101761e-20 7.0328280847e+00
1100.0 800.0 9.6711448936e-21 6.4524089568e+00
1100.0 850.0 8.9293733851e-21 5.9575127291e+00
1100.0 900.0 8.2897869787e-21 5.5307925111e+00
1100.0 950.0 7.7323065983e-21 5.1588519147e+00
1100.0 1000.0 7.2413481635e-21 4.8312935297e+00
1100.0 1050.0 6.8047725070e-21 4.5400183284e+00
1100.0 1100.0 6.4130916335e-21 4.2786960957e+00
1100.0 1150.0 6.0588608044e-21 4.0423598398e+00
1100.0 1200.0 5.7362105907e-21 3.8270935862e+00
1100.0 1250.0 5.4404864215e-21 3.6297918914e+00
1100.0 1300.0 5.1679712941e-21 3.4479748399e+00
1100.0 1350.0 4.9156728647e-21 3.2796459954e+00
1100.0 1400.0 4.6811602559e-21 3.1231835213e+00
1100.0 1450.0 4.4624391236e-21 2.9772568282e+00
1100.0 1500.0 4.2578560591e-21 2.8407627923e+00
1100.0 1550.0 4.0660254136e-21 2.7127769345e+00
1100.0 1600.0 3.8857732208e-21 2.5925160061e+00
1100.0 1650.0 3.7160941346e-21 2.4793092588e+00
1100.0 1700.0 3.5561182664e-21 2.3725763191e+00
1100.0 1750.0 3.4050855506e-21 2.2718100853e+00
1100.0 1800.0 3.2623258387e-21 2.1765634466e+00
1100.0 1850.0 3.1272433585e-21 2.0864389148e+00
1100.0 1900.0 2.9993045046e-21 2.0010804783e+00
1100.0 1950.0 2.8780281790e-21 1.9201671575e+00
1100.0 2000.0 2.7629780908e-21 1.8434078671e+00
1100.0 2050.0 2.6537565633e-21 1.7705372846e+00
1100.0 2100.0 2.5499995109e-21 1.7013124987e+00
1100.0 2150.0 2.4513723241e-21 1.6355102643e+00
1100.0 2200.0 2.3575664678e-21 1.5729247323e+00
1100.0 2250.0 2.2682966378e-21 1.5133655533e+00
1100.0 2300.0 2.1832983647e-21 1.4566562779e+00
1100.0 2350.0 2.1023259709e-21 1.4026329947e+00
1100.0 2400.0 2.0251508156e-21 1.3511431589e+00
1100.0 2450.0 1.9515597721e-21 1.3020445761e+00
1100.0 2500.0 1.8813538963e-21 1.2552045145e+00
1150.0 300.0 3.9450296672e-20 2.5176138192e+01
1150.0 350.0 3.1596304275e-20 2.0163927520e+01
1150.0 400.0 2.6033024289e-20 1.6613589056e+01
1150.0 450.0 2.1965828432e-20 1.4018011998e+01
1150.0 500.0 1.8890252495e-20 1.2055260604e+01
1150.0 550.0 1.6496155060e-20 1.0527410804e+01
1150.0 600.0 1.4589618645e-20 9.3107095800e+00
1150.0 650.0 1.3044198506e-20 8.3244632334e+00
1150.0 700.0 1.1773263081e-20 7.5133857864e+00
1150.0 750.0 1.0714768037e-20 6.8378821843e+00
1150.0 800.0 9.8227768031e-21 6.2686369198e+00
1150.0 850.0 9.0625242237e-21 5.7834637877e+00
1150.0 900.0 8.4073472905e-21 5.3653471600e+00
1150.0 950.0 7.8366368855e-21 5.0011348413e+00
1150.0 1000.0 7.3343863791e-21 4.6806118231e+00
1150.0 1050.0 6.8881192521e-21 4.3958159202e+00
1150.0 1100.0 6.4880770484e-21 4.1405195435e+00
1150.0 1150.0 6.1265969643e-21 3.9098324937e+00
1150.0 1200.0 5.7976326283e-21 3.6998961363e+00
1150.0 1250.0 5.4963849488e-21 3.5076478175e+00
1150.0 1300.0 5.2190181195e-21 3.3306396272e+00
1150.0 1350.0 4.9624415294e-21 3.1668992187e+00
1150.0 1400.0 4.7241425491e-21 3.0148230985e+00
1150.0 1450.0 4.5020584562e-21 2.8730948916e+00
1150.0 1500.0 4.2944783654e-21 2.7406227559e+00
1150.0 1550.0 4.0999680941e-21 2.6164914341e+00
1150.0 1600.0 3.9173125200e-21 2.4999254673e+00
1150.0 1650.0 3.7454712615e-21 2.3902609112e+00
1150.0 1700.0 3.5835444958e-21 2.2869235228e+00
1150.0 1750.0 3.4307464950e-21 2.1894118712e+00
1150.0 1800.0 3.2863850397e-21 2.0972842004e+00
1150.0 1850.0 3.1498453185e-21 2.0101481537e+00
1150.0 1900.0 3.0205772539e-21 1.9276526865e+00
1150.0 1950.0 2.8980854582e-21 1.8494816552e+00
1150.0 2000.0 2.7819212100e-21 1.7753486977e+00
1150.0 2050.0 2.6716759919e-21 1.7049931090e+00
1150.0 2100.0 2.5669762402e-21 1.6381764906e+00
1150.0 2150.0 2.4674790387e-21 1.5746800025e+00
1150.0 2200.0 2.3728685539e-21 1.5143020880e+00
1150.0 2250.0 2.2828530553e-21 1.4568565725e+00
1150.0 2300.0 2.1971624007e-21 1.4021710582e+00
1150.0 2350.0 2.1155458944e-21 1.3500855578e+00
1150.0 2400.0 2.0377704466e-21 1.3004513196e+00
1150.0 2450.0 1.9636189771e-21 1.2531298087e+00
1150.0 2500.0 1.8928890213e-21 1.2079918176e+00
1200.0 300.0 4.0000866744e-20 2.4463851752e+01
1200.0 350.0 3.2132296968e-20 1.9651567915e+01
1200.0 400.0 2.6515721072e-20 1.6216565345e+01
1200.0 450.0 2.2386260188e-20 1.3691057097e+01
1200.0 500.0 1.9251441872e-20 1.1773855377e+01
1200.0 550.0 1.6805211458e-20 1.0277782339e+01
1200.0 600.0 1.4854362551e-20 9.0846762312e+00
1200.0 650.0 1.3271842332e-20 8.1168337017e+00
1200.0 700.0 1.1970002321e-20 7.3206504281e+00
1200.0 750.0 1.0885753929e-20 6.6575424985e+00
1200.0 800.0 9.9722305217e-21 6.0988470746e+00
1200.0 850.0 9.1938877171e-21 5.6228258148e+00
1200.0 900.0 8.5234282531e-21 5.2127841764e+00
1200.0 950.0 7.9397334211e-21 4.8558063157e+00
1200.0 1000.0 7.4263888920e-21 4.5418535072e+00
1200.0 1050.0 6.9705916968e-21 4.2630956722e+00
1200.0 1100.0 6.5623210083e-21 4.0134042427e+00
1200.0 1150.0 6.1937020224e-21 3.7879631221e+00
1200.0 1200.0 5.8585160171e-21 3.5829690454e+00
1200.0 1250.0 5.5518228913e-21 3.3954007307e+00
1200.0 1300.0 5.2696707449e-21 3.2228412628e+00
1200.0 1350.0 5.0088728112e-21 3.0633416692e+00
1200.0 1400.0 4.7668363690e-21 2.9153162857e+00
1200.0 1450.0 4.5414316352e-21 2.7774625730e+00
1200.0 1500.0 4.3308913023e-21 2.6486996758e+00
1200.0 1550.0 4.1337335055e-21 2.5281213107e+00
1200.0 1600.0 3.9487026603e-21 2.4149595836e+00
1200.0 1650.0 3.7747239188e-21 2.3085571357e+00
1200.0 1700.0 3.6108679954e-21 2.2083456317e+00
1200.0 1750.0 3.4563238928e-21 2.1138290794e+00
1200.0 1800.0 3.3103776512e-21 2.0245708330e+00
1200.0 1850.0 3.1723956985e-21 1.9401834107e+00
1200.0 1900.0 3.0418117233e-21 1.8603204659e+00
1200.0 1950.0 2.9181162510e-21 1.7846704127e+00
1200.0 2000.0 2.8008483049e-21 1.7129513256e+00
1200.0 2050.0 2.6895886785e-21 1.6449068248e+00
1200.0 2100.0 2.5839544617e-21 1.5803027292e+00
1200.0 2150.0 2.4835945464e-21 1.5189243069e+00
1200.0 2200.0 2.3881859017e-21 1.4605739978e+00
1200.0 2250.0 2.2974304592e-21 1.4050695082e+00
1200.0 2300.0 2.2110524822e-21 1.3522422023e+00
1200.0 2350.0 2.1287963264e-21 1.3019357324e+00
1200.0 2400.0 2.0504245141e-21 1.2540048610e+00
1200.0 2450.0 1.9757160666e-21 1.2083144415e+00
1200.0 2500.0 1.9044650476e-21 1.1647385265e+00
1250.0 300.0 4.0523528566e-20 2.3792162745e+01
1250.0 350.0 3.2647475359e-20 1.9167976591e+01
1250.0 400.0 2.6982991827e-20 1.5842246606e+01
1250.0 450.0 2.2795170625e-20 1.3383494195e+01
1250.0 500.0 1.9603914569e-20 1.1509844833e+01
1250.0 550.0 1.7107576701e-20 1.0044195643e+01
1250.0 600.0 1.5113894519e-20 8.8736655181e+00
1250.0 650.0 1.3495368872e-20 7.9233971933e+00
1250.0 700.0 1.2163445632e-20 7.1413987938e+00
1250.0 750.0 1.1054068734e-20 6.4900617397e+00
1250.0 800.0 1.0119494928e-20 5.9413550288e+00
1250.0 850.0 9.3234382179e-21 5.4739744359e+00
1250.0 900.0 8.6379938562e-21 5.0715365342e+00
1250.0 950.0 8.0415528159e-21 4.7213542376e+00
1250.0 1000.0 7.5173070956e-21 4.4135592371e+00
1250.0 1050.0 7.0521375976e-21 4.1404490517e+00
1250.0 1100.0 6.6357687965e-21 3.8959907178e+00
1250.0 1150.0 6.2601196502e-21 3.6754396962e+00
1250.0 1200.0 5.9188034572e-21 3.4750462285e+00
1250.0 1250.0 5.6067424545e-21 3.2918290600e+00
1250.0 1300.0 5.3198712371e-21 3.1234013112e+00
1250.0 1350.0 5.0549089039e-21 2.9678367003e+00
1250.0 1400.0 4.8091842351e-21 2.8235669016e+00
1250.0 1450.0 4.5805016534e-21 2.6893028482e+00
1250.0 1500.0 4.3670384463e-21 2.5639743898e+00
1250.0 1550.0 4.1672658897e-21 2.4466839823e+00
1250.0 1600.0 3.9798886092e-21 2.3366710859e+00
1250.0 1650.0 3.8037978440e-21 2.2332847251e+00
1250.0 1700.0 3.6380353050e-21 2.1359622696e+00
1250.0 1750.0 3.4817651091e-21 2.0442129560e+00
1250.0 1800.0 3.3342518790e-21 1.9576050296e+00
1250.0 1850.0 3.1948435562e-21 1.8757556542e+00
1250.0 1900.0 3.0629578283e-21 1.7983229425e+00
1250.0 1950.0 2.9380713342e-21 1.7249996191e+00
1250.0 2000.0 2.8197110143e-21 1.6555079412e+00
1250.0 2050.0 2.7074471225e-21 1.5895955965e+00
1250.0 2100.0 2.6008875325e-21 1.5270323598e+00
1250.0 2150.0 2.4996730576e-21 1.4676073457e+00
1250.0 2200.0 2.4034735695e-21 1.4111267291e+00
1250.0 2250.0 2.3119847491e-21 1.3574118385e+00
1250.0 2300.0 2.2249253431e-21 1.3062975445e+00
1250.0 2350.0 2.1420348268e-21 1.2576308877e+00
1250.0 2400.0 2.0630713957e-21 1.2112699002e+00
1250.0 2450.0 1.9878102264e-21 1.1670825835e+00
1250.0 2500.0 1.9160419592e-21 1.1249460186e+00
1300.0 300.0 4.1020191790e-20 2.3157464921e+01
1300.0 350.0 3.3143032799e-20 1.8710507824e+01
1300.0 400.0 2.7435583315e-20 1.5488434609e+01
1300.0 450.0 2.3193027825e-20 1.3093350002e+01
1300.0 500.0 1.9947962099e-20 1.1261386464e+01
1300.0 550.0 1.7403428218e-20 9.8248999061e+00
1300.0 600.0 1.5368316781e-20 8.6760017742e+00
1300.0 650.0 1.3714829890e-20 7.7425452739e+00
1300.0 700.0 1.2353610378e-20 6.9740848712e+00
1300.0 750.0 1.1219706086e-20 6.3339525921e+00
1300.0 800.0 1.0264547161e-20 5.7947288989e+00
1300.0 850.0 9.4511413560e-21 5.3355302564e+00
1300.0 900.0 8.7510017183e-21 4.9402746909e+00
1300.0 950.0 8.1420471583e-21 4.5964965844e+00
1300.0 1000.0 7.6070893287e-21 4.2944924584e+00
1300.0 1050.0 7.1327028308e-21 4.0266831624e+00
1300.0 1100.0 6.7083647621e-21 3.7871281161e+00
1300.0 1150.0 6.3257933519e-21 3.5711519438e+00
1300.0 1200.0 5.9784381056e-21 3.3750566409e+00
1300.0 1250.0 5.6610868112e-21 3.1958997149e+00
1300.0 1300.0 5.3695630491e-21 3.0313234172e+00
1300.0 1350.0 5.1004937320e-21 2.8794235114e+00
1300.0 1400.0 4.8511306805e-21 2.7386485450e+00
1300.0 1450.0 4.6192137503e-21 2.6077225805e+00
1300.0 1500.0 4.4028658114e-21 2.4855859061e+00
1300.0 1550.0 4.2005120823e-21 2.3713494977e+00
1300.0 1600.0 4.0108180550e-21 2.2642599744e+00
1300.0 1650.0 3.8326415977e-21 2.1636725593e+00
1300.0 1700.0 3.6649958683e-21 2.0690301423e+00
1300.0 1750.0 3.5070204759e-21 1.9798469998e+00
1300.0 1800.0 3.3579589441e-21 1.8956960722e+00
1300.0 1850.0 3.2171409987e-21 1.8161989638e+00
1300.0 1900.0 3.0839685574e-21 1.7410180345e+00
1300.0 1950.0 2.9579045712e-21 1.6698500996e+00
1300.0 2000.0 2.8384640688e-21 1.6024213744e+00
1300.0 2050.0 2.7252069131e-21 1.5384833844e+00
1300.0 2100.0 2.6177318907e-21 1.4778096295e+00
1300.0 2150.0 2.5156718497e-21 1.4201928385e+00
1300.0 2200.0 2.4186896634e-21 1.3654426903e+00
1300.0 2250.0 2.3264748498e-21 1.3133839061e+00
1300.0 2300.0 2.2387407157e-21 1.2638546367e+00
1300.0 2350.0 2.1552219245e-21 1.2167050893e+00
1300.0 2400.0 2.0756724052e-21 1.1717963475e+00
1300.0 2450.0 1.9998635440e-21 1.1289993500e+00
1300.0 2500.0 1.9275826058e-21 1.0881939998e+00
1350.0 300.0 4.1492513618e-20 2.2556549053e+01
1350.0 350.0 3.3619998879e-20 1.8276818822e+01
1350.0 400.0 2.7874132909e-20 1.5153197323e+01
1350.0 450.0 2.3580224931e-20 1.2818902832e+01
1350.0 500.0 2.0283823633e-20 1.1026882271e+01
1350.0 550.0 1.7692906383e-20 9.6183835567e+00
1350.0 600.0 1.5617705148e-20 8.4902432161e+00
1350.0 650.0 1.3930258289e-20 7.5728975430e+00
1350.0 700.0 1.2540500545e-20 6.8173844155e+00
1350.0 750.0 1.1382650289e-20 6.1879430097e+00
1350.0 800.0 1.0407358049e-20 5.6577455035e+00
1350.0 850.0 9.5769587438e-21 5.2063160520e+00
1350.0 900.0 8.8624071919e-21 4.8178648417e+00
1350.0 950.0 8.2411676237e-21 4.4801407664e+00
1350.0 1000.0 7.6956840694e-21 4.1835998852e+00
1350.0 1050.0 7.2122342354e-21 3.9207823563e+00
1350.0 1100.0 6.7800548653e-21 3.6858369575e+00
1350.0 1150.0 6.3906687546e-21 3.4741552313e+00
1350.0 1200.0 6.0373656479e-21 3.2820892858e+00
1350.0 1250.0 5.7148019852e-21 3.1067342050e+00
1350.0 1300.0 5.4186927401e-21 2.9457605226e+00
1350.0 1350.0 5.1455745279e-21 2.7972854408e+00
1350.0 1400.0 4.8926237051e-21 2.6597739443e+00
1350.0 1450.0 4.6575167562e-21 2.5319629017e+00
1350.0 1500.0 4.4383230982e-21 2.4128027914e+00
1350.0 1550.0 4.2334226774e-21 2.3014129046e+00
1350.0 1600.0 4.0414424966e-21 2.1970468398e+00
1350.0 1650.0 3.8612075868e-21 2.0990658493e+00
1350.0 1700.0 3.6917029977e-21 2.0069181763e+00
1350.0 1750.0 3.5320442044e-21 1.9201229670e+00
1350.0 1800.0 3.3814539475e-21 1.8382576804e+00
1350.0 1850.0 3.2392440057e-21 1.7609481793e+00
1350.0 1900.0 3.1048007570e-21 1.6878608806e+00
1350.0 1950.0 2.9775736619e-21 1.6186964951e+00
1350.0 2000.0 2.8570660090e-21 1.5531849956e+00
1350.0 2050.0 2.7428274180e-21 1.4910815423e+00
1350.0 2100.0 2.6344477181e-21 1.4321631543e+00
1350.0 2150.0 2.5315519055e-21 1.3762259684e+00
1350.0 2200.0 2.4337959541e-21 1.3230829621e+00
1350.0 2250.0 2.3408633063e-21 1.2725620453e+00
1350.0 2300.0 2.2524619067e-21 1.2245044481e+00
1350.0 2350.0 2.1683216747e-21 1.1787633468e+00
1350.0 2400.0 2.0881923340e-21 1.1352026837e+00
1350.0 2450.0 2.0118415340e-21 1.0936961464e+00
1350.0 2500.0 1.9390532124e-21 1.0541262770e+00
1400.0 300.0 4.1941940794e-20 2.1986554049e+01
1400.0 350.0 3.4079269339e-20 1.7864831314e+01
1400.0 400.0 2.8299190807e-20 1.4834833021e+01
1400.0 450.0 2.3957097160e-20 1.2558646586e+01
1400.0 500.0 2.0611699336e-20 1.0804942092e+01
1400.0 550.0 1.7976125171e-20 9.4233371226e+00
1400.0 600.0 1.5862117653e-20 8.3151447096e+00
1400.0 650.0 1.4141675220e-20 7.4132646388e+00
1400.0 700.0 1.2724112658e-20 6.6701584475e+00
1400.0 750.0 1.1542881286e-20 6.0509403827e+00
1400.0 800.0 1.0547896339e-20 5.5293553083e+00
1400.0 850.0 9.7008515925e-21 5.0853225632e+00
1400.0 900.0 8.9721664852e-21 4.7033356023e+00
1400.0 950.0 8.3388671872e-21 4.3713512215e+00
1400.0 1000.0 7.7830423079e-21 4.0799800183e+00
1400.0 1050.0 7.2906817019e-21 3.8218776781e+00
1400.0 1100.0 6.8507885254e-21 3.5912795007e+00
1400.0 1150.0 6.4546952529e-21 3.3836418478e+00
1400.0 1200.0 6.0955357687e-21 3.1953654051e+00
1400.0 1250.0 5.7678381710e-21 3.0235817250e+00
1400.0 1300.0 5.4672111663e-21 2.8659888296e+00
1400.0 1350.0 5.1901029113e-21 2.7207247929e+00
1400.0 1400.0 4.9336157581e-21 2.5862706272e+00
1400.0 1450.0 4.6953639898e-21 2.4613757062e+00
1400.0 1500.0 4.4733645165e-21 2.3450004664e+00
1400.0 1550.0 4.2659527846e-21 2.2362723254e+00
1400.0 1600.0 4.0717179435e-21 2.1344516955e+00
1400.0 1650.0 3.8894527141e-21 2.0389057040e+00
1400.0 1700.0 3.7181144788e-21 1.9490877962e+00
1400.0 1750.0 3.5567949497e-21 1.8645218348e+00
1400.0 1800.0 3.4046963989e-21 1.7847896397e+00
1400.0 1850.0 3.2611129259e-21 1.7095211678e+00
1400.0 1900.0 3.1254155985e-21 1.6383867242e+00
1400.0 1950.0 2.9970405849e-21 1.5710907402e+00
1400.0 2000.0 2.8754796041e-21 1.5073667679e+00
1400.0 2050.0 2.7602721819e-21 1.4469734201e+00
1400.0 2100.0 2.6509993195e-21 1.3896910520e+00
1400.0 2150.0 2.5472782744e-21 1.3353190243e+00
1400.0 2200.0 2.4487582213e-21 1.2836734297e+00
1400.0 2250.0 2.3551166147e-21 1.2345851852e+00
1400.0 2300.0 2.2660561143e-21 1.1878984208e+00
1400.0 2350.0 2.1813019644e-21 1.1434691059e+00
1400.0 2400.0 2.1005997442e-21 1.1011638693e+00
1400.0 2450.0 2.0237134208e-21 1.0608589794e+00
1400.0 2500.0 1.9504236528e-21 1.0224394544e+00
1450.0 300.0 4.2369745910e-20 2.1444925306e+01
1450.0 350.0 3.4521631743e-20 1.7472698933e+01
1450.0 400.0 2.8711238917e-20 1.4531840133e+01
1450.0 450.0 2.4323936115e-20 1.2311260828e+01
1450.0 500.0 2.0931761469e-20 1.0594353391e+01
1450.0 550.0 1.8253180939e-20 9.2386228291e+00
1450.0 600.0 1.6101601595e-20 8.1496274311e+00
1450.0 650.0 1.4349095812e-20 7.2626182029e+00
1450.0 700.0 1.2904440502e-20 6.5314237021e+00
1450.0 750.0 1.1700378593e-20 5.9220025893e+00
1450.0 800.0 1.0686131995e-20 5.4086541593e+00
1450.0 850.0 9.8227835116e-21 4.9716809526e+00
1450.0 900.0 9.0802390536e-21 4.5958512161e+00
1450.0 950.0 8.4351026809e-21 4.2693233829e+00
1450.0 1000.0 7.8691193273e-21 3.9828578759e+00
1450.0 1050.0 7.3679997218e-21 3.7292223566e+00
1450.0 1100.0 6.9205199770e-21 3.5027359924e+00
1450.0 1150.0 6.5178272003e-21 3.2989180007e+00
1450.0 1200.0 6.1529032033e-21 3.1142162120e+00
1450.0 1250.0 5.8201506668e-21 2.9457976119e+00
1450.0 1300.0 5.5150743107e-21 2.7913869699e+00
1450.0 1350.0 5.2340356298e-21 2.6491427012e+00
1450.0 1400.0 4.9740644010e-21 2.5175614641e+00
1450.0 1450.0 4.7327138540e-21 2.3954048559e+00
1450.0 1500.0 4.5079493231e-21 2.2816430555e+00
1450.0 1550.0 4.2980625159e-21 2.1754114318e+00
1450.0 1600.0 4.1016053569e-21 2.0759770592e+00
1450.0 1650.0 3.9173387791e-21 1.9827127993e+00
1450.0 1700.0 3.7441929357e-21 1.8950771621e+00
1450.0 1750.0 3.5812361446e-21 1.8125985884e+00
1450.0 1800.0 3.4276505229e-21 1.7348631166e+00
1450.0 1850.0 3.2827127584e-21 1.6615046513e+00
1450.0 1900.0 3.1457788384e-21 1.5921972334e+00
1450.0 1950.0 3.0162718366e-21 1.5266488588e+00
1450.0 2000.0 2.8936720742e-21 1.4645964983e+00
1450.0 2050.0 2.7775091320e-21 1.4058020551e+00
1450.0 2100.0 2.6673553135e-21 1.3500490559e+00
1450.0 2150.0 2.5628202515e-21 1.2971399211e+00
1450.0 2200.0 2.4635464215e-21 1.2468936941e+00
1450.0 2250.0 2.3692053786e-21 1.1991441366e+00
1450.0 2300.0 2.2794945753e-21 1.1537381179e+00
1450.0 2350.0 2.1941346502e-21 1.1105342426e+00
1450.0 2400.0 2.1128670991e-21 1.0694016721e+00
1450.0 2450.0 2.0354522612e-21 1.0302191049e+00
1450.0 2500.0 1.9616675652e-21 9.9287388931e-01
1500.0 300.0 4.2777057706e-20 2.0929378452e+01
1500.0 350.0 3.4947786584e-20 1.7098778895e+01
1500.0 400.0 2.9110706122e-20 1.4242891356e+01
1500.0 450.0 2.4681001167e-20 1.2075585412e+01
1500.0 500.0 2.1244163073e-20 1.0394055896e+01
1500.0 550.0 1.8524159155e-20 9.0632492805e+00
1500.0 600.0 1.6336198857e-20 7.9927537492e+00
1500.0 650.0 1.4552533422e-20 7.1200661232e+00
1500.0 700.0 1.3081478550e-20 6.4003283531e+00
1500.0 750.0 1.1855124096e-20 5.8003142833e+00
1500.0 800.0 1.0822038501e-20 5.2948601787e+00
1500.0 850.0 9.9427224186e-21 4.8646403354e+00
1500.0 900.0 9.1865891931e-21 4.4946897290e+00
1500.0 950.0 8.5298361314e-21 4.1733625009e+00
1500.0 1000.0 7.9538758317e-21 3.8915644593e+00
1500.0 1050.0 7.4441483430e-21 3.6421719090e+00
1500.0 1100.0 6.9892090809e-21 3.4195853988e+00
1500.0 1150.0 6.5800245999e-21 3.2193851672e+00
1500.0 1200.0 6.2094283265e-21 3.0380648503e+00
1500.0 1250.0 5.8717003761e-21 2.8728259006e+00
1500.0 1300.0 5.5622437113e-21 2.7214191420e+00
1500.0 1350.0 5.2773349240e-21 2.5820228358e+00
1500.0 1400.0 5.0139326184e-21 2.4531489292e+00
1500.0 1450.0 4.7695300999e-21 2.3335709807e+00
1500.0 1500.0 4.5420420442e-21 2.2222687110e+00
1500.0 1550.0 4.3297171724e-21 2.1183852783e+00
1500.0 1600.0 4.1310708057e-21 2.0211942789e+00
1500.0 1650.0 3.9448326076e-21 1.9300741800e+00
1500.0 1700.0 3.7699059368e-21 1.8444884317e+00
1500.0 1750.0 3.6053360848e-21 1.7639699272e+00
1500.0 1800.0 3.4502853261e-21 1.6881087955e+00
1500.0 1850.0 3.3040132040e-21 1.6165427560e+00
1500.0 1900.0 3.1658608551e-21 1.5489494490e+00
1500.0 1950.0 3.0352384568e-21 1.4850402941e+00
1500.0 2000.0 2.9116151042e-21 1.4245555373e+00
1500.0 2050.0 2.7945105827e-21 1.3672602257e+00
1500.0 2100.0 2.6834886290e-21 1.3129409104e+00
1500.0 2150.0 2.5781513656e-21 1.2614029233e+00
1500.0 2200.0 2.4781346696e-21 1.2124681111e+00
1500.0 2250.0 2.3831042852e-21 1.1659729339e+00
1500.0 2300.0 2.2927525364e-21 1.1217668560e+00
1500.0 2350.0 2.2067955252e-21 1.0797109757e+00
1500.0 2400.0 2.1249707260e-21 1.0396768480e+00
1500.0 2450.0 2.0470349050e-21 1.0015454669e+00
1500.0 2500.0 1.9727623096e-21 9.6520637903e-01
1550.0 300.0 4.3164886513e-20 2.0437867809e+01
1550.0 350.0 3.5358364748e-20 1.6741607428e+01
1550.0 400.0 2.9497980709e-20 1.3966811431e+01
1550.0 450.0 2.5028528549e-20 1.1850598930e+01
1550.0 500.0 2.1549044771e-20 1.0203120268e+01
1550.0 550.0 1.8789139600e-20 8.8963503072e+00
1550.0 600.0 1.6565949915e-20 7.8437063513e+00
1550.0 650.0 1.4752002772e-20 6.9848320458e+00
1550.0 700.0 1.3255224448e-20 6.2761319893e+00
1550.0 750.0 1.2007104029e-20 5.6851673837e+00
1550.0 800.0 1.0955594451e-20 5.1872947957e+00
1550.0 850.0 1.0060641821e-20 4.7635493621e+00
1550.0 900.0 9.2911870796e-21 4.3992251263e+00
1550.0 950.0 8.6230356035e-21 4.0828663299e+00
1550.0 1000.0 8.0372786314e-21 3.8055199836e+00
1550.0 1050.0 7.5190937255e-21 3.5601679055e+00
1550.0 1100.0 7.0568217735e-21 3.3412896966e+00
1550.0 1150.0 6.6412534651e-21 3.1445248991e+00
1550.0 1200.0 6.2650774390e-21 2.9664117030e+00
1550.0 1250.0 5.9224540326e-21 2.8041851236e+00
1550.0 1300.0 5.6086866328e-21 2.6556213915e+00
1550.0 1350.0 5.3199686542e-21 2.5189181505e+00
1550.0 1400.0 5.0531889065e-21 2.3926023031e+00
1550.0 1450.0 4.8057818821e-21 2.2754591234e+00
1550.0 1500.0 4.5756125028e-21 2.1664776867e+00
1550.0 1550.0 4.3608872470e-21 2.0648087898e+00
1550.0 1600.0 4.1600854481e-21 1.9697324222e+00
1550.0 1650.0 3.9719060143e-21 1.8806325379e+00
1550.0 1700.0 3.7952259421e-21 1.7969774133e+00
1550.0 1750.0 3.6290678625e-21 1.7183042801e+00
1550.0 1800.0 3.4725745188e-21 1.6442072413e+00
1550.0 1850.0 3.3249885769e-21 1.5743277115e+00
1550.0 1900.0 3.1856365518e-21 1.5083468067e+00
1550.0 1950.0 3.0539159230e-21 1.4459792432e+00
1550.0 2000.0 2.9292847320e-21 1.3869684126e+00
1550.0 2050.0 2.8112531187e-21 1.3310823741e+00
1550.0 2100.0 2.6993763837e-21 1.2781105698e+00
1550.0 2150.0 2.5932492546e-21 1.2278611099e+00
1550.0 2200.0 2.4925011108e-21 1.1801585115e+00
1550.0 2250.0 2.3967919749e-21 1.1348418010e+00
1550.0 2300.0 2.3058091212e-21 1.0917629078e+00
1550.0 2350.0 2.2192641850e-21 1.0507852959e+00
1550.0 2400.0 2.1368906811e-21 1.0117827890e+00
1550.0 2450.0 2.0584418580e-21 9.7463855428e-01
1550.0 2500.0 1.9836888312e-21 9.3924421868e-01
1600.0 300.0 4.3534145263e-20 1.9968558732e+01
1600.0 350.0 3.5753941632e-20 1.6399878281e+01
1600.0 400.0 2.9873420184e-20 1.3702557886e+01
1600.0 450.0 2.5366738373e-20 1.1635400259e+01
1600.0 500.0 2.1846539895e-20 1.0020729989e+01
1600.0 550.0 1.9048200155e-20 8.7371671418e+00
1600.0 600.0 1.6790896690e-20 7.7017707523e+00
1600.0 650.0 1.4947522110e-20 6.8562382779e+00
1600.0 700.0 1.3425680659e-20 6.1581889604e+00
1600.0 750.0 1.2156310234e-20 5.5759448914e+00
1600.0 800.0 1.1086784512e-20 5.0853670456e+00
1600.0 850.0 1.0176521549e-20 4.6678410021e+00
1600.0 900.0 9.3940093224e-21 4.3089125961e+00
1600.0 950.0 8.7146756128e-21 3.9973108638e+00
1600.0 1000.0 8.1193009431e-21 3.7242200753e+00
1600.0 1050.0 7.5928083509e-21 3.4827246195e+00
1600.0 1100.0 7.1233302025e-21 3.2673809640e+00
1600.0 1150.0 6.7014858954e-21 3.0738863457e+00
1600.0 1200.0 6.3198227937e-21 2.8988223352e+00
1600.0 1250.0 5.9723841844e-21 2.7394566641e+00
1600.0 1300.0 5.6543760171e-21 2.5935903625e+00
1600.0 1350.0 5.3619102225e-21 2.4594400223e+00
1600.0 1400.0 5.0918071707e-21 2.3355471878e+00
1600.0 1450.0 4.8414436359e-21 2.2207086187e+00
1600.0 1500.0 4.6086356792e-21 2.1139225700e+00
1600.0 1550.0 4.3915482705e-21 2.0143473367e+00
1600.0 1600.0 4.1886253656e-21 1.9212691811e+00
1600.0 1650.0 3.9985356270e-21 1.8340774357e+00
1600.0 1700.0 3.8201301182e-21 1.7522450979e+00
1600.0 1750.0 3.6524091739e-21 1.6753136340e+00
1600.0 1800.0 3.4944963165e-21 1.6028810148e+00
1600.0 1850.0 3.3456176004e-21 1.5345922412e+00
1600.0 1900.0 3.2050851483e-21 1.4701317928e+00
1600.0 1950.0 3.0722839401e-21 1.4092175677e+00
1600.0 2000.0 2.9466611355e-21 1.3515959850e+00
1600.0 2050.0 2.8277173794e-21 1.2970379969e+00
1600.0 2100.0 2.7149996676e-21 1.2453358161e+00
1600.0 2150.0 2.6080954477e-21 1.1963002101e+00
1600.0 2200.0 2.5066277029e-21 1.1497582462e+00
1600.0 2250.0 2.4102508236e-21 1.1055513974e+00
1600.0 2300.0 2.3186471134e-21 1.0635339406e+00
1600.0 2350.0 2.2315238110e-21 1.0235715899e+00
1600.0 2400.0 2.1486105341e-21 9.8554032433e-01
1600.0 2450.0 2.0696570687e-21 9.4932537397e-01
1600.0 2500.0 1.9944314481e-21 9.1482033858e-01
1650.0 300.0 4.3885666667e-20 1.9519803277e+01
1650.0 350.0 3.6135048431e-20 1.6072423876e+01
1650.0 400.0 3.0237358909e-20 1.3449204315e+01
1650.0 450.0 2.5695839920e-20 1.1429192681e+01
1650.0 500.0 2.2136778213e-20 9.8461659291e+00
1650.0 550.0 1.9301419470e-20 8.5850333295e+00
1650.0 600.0 1.7011084459e-20 7.5663205641e+00
1650.0 650.0 1.5139114581e-20 6.7336914499e+00
1650.0 700.0 1.3592855441e-20 6.0459344547e+00
1650.0 750.0 1.2302740847e-20 5.4721073950e+00
1650.0 800.0 1.1215599891e-20 4.9885605056e+00
1650.0 850.0 1.0290348063e-20 4.5770199039e+00
1650.0 900.0 9.4950391435e-21 4.2232763056e+00
1650.0 950.0 8.8047372074e-21 3.9162385181e+00
1650.0 1000.0 8.1999223956e-21 3.6472243492e+00
1650.0 1050.0 7.6652709686e-21 3.4094179885e+00
1650.0 1100.0 7.1887126262e-21 3.1974507154e+00
1650.0 1150.0 6.7606999375e-21 3.0070759502e+00
1650.0 1200.0 6.3736424274e-21 2.8349175435e+00
1650.0 1250.0 6.0214690027e-21 2.6782751476e+00
1650.0 1300.0 5.6992902719e-21 2.5349740217e+00
1650.0 1350.0 5.4031383452e-21 2.4032492972e+00
1650.0 1400.0 5.1297664855e-21 2.2816568656e+00
1650.0 1450.0 4.8764948272e-21 2.1690047557e+00
1650.0 1500.0 4.6410914515e-21 2.0643002375e+00
1650.0 1550.0 4.4216805458e-21 1.9667089727e+00
1650.0 1600.0 4.2166712913e-21 1.8755233847e+00
1650.0 1650.0 4.0247026101e-21 1.7901380830e+00
1650.0 1700.0 3.8446000591e-21 1.7100306896e+00
1650.0 1750.0 3.6753420379e-21 1.6347468092e+00
1650.0 1800.0 3.5160331570e-21 1.5638881838e+00
1650.0 1850.0 3.3658831239e-21 1.4971033010e+00
1650.0 1900.0 3.2241898976e-21 1.4340799014e+00
1650.0 1950.0 3.0903261562e-21 1.3745389602e+00
1650.0 2000.0 2.9637283497e-21 1.3182298173e+00
1650.0 2050.0 2.8438877775e-21 1.2649262088e+00
1650.0 2100.0 2.7303432622e-21 1.2144230088e+00
1650.0 2150.0 2.6226750866e-21 1.1665335322e+00
1650.0 2200.0 2.5204999393e-21 1.1210872868e+00
1650.0 2250.0 2.4234666678e-21 1.0779280844e+00
1650.0 2300.0 2.3312526843e-21 1.0369124418e+00
1650.0 2350.0 2.2435609013e-21 9.9790821830e-01
1650.0 2400.0 2.1601171014e-21 9.6079344528e-01
1650.0 2450.0 2.0806676645e-21 9.2545531558e-01
1650.0 2500.0 2.0049775906e-21 8.9178930425e-01
1700.0 300.0 4.4220217180e-20 1.9090118771e+01
1700.0 350.0 3.6502181040e-20 1.5758198759e+01
1700.0 400.0 3.0590113919e-20 1.3205925823e+01
1700.0 450.0 2.6016035515e-20 1.1231270211e+01
1700.0 500.0 2.2419888539e-20 9.6787931482e+00
1700.0 550.0 1.9548878717e-20 8.4393619107e+00
1700.0 600.0 1.7226563025e-20 7.4368050442e+00
1700.0 650.0 1.5326808985e-20 6.6166704409e+00
1700.0 700.0 1.3756763312e-20 5.9388728117e+00
1700.0 750.0 1.2446400551e-20 5.3731817697e+00
1700.0 800.0 1.1342038435e-20 4.8964223750e+00
1700.0 850.0 1.0402114432e-20 4.4906518478e+00
1700.0 900.0 9.5942662789e-21 4.1418992142e+00
1700.0 950.0 8.8932078062e-21 3.8392482920e+00
1700.0 1000.0 8.2791288211e-21 3.5741469083e+00
1700.0 1050.0 7.7364663522e-21 3.3398764401e+00
1700.0 1100.0 7.2529531439e-21 3.1311410434e+00
1700.0 1150.0 6.8188792965e-21 2.9437488995e+00
1700.0 1200.0 6.4265198565e-21 2.7743651020e+00
1700.0 1250.0 6.0696919653e-21 2.6203204758e+00
1700.0 1300.0 5.7434129465e-21 2.4794639713e+00
1700.0 1350.0 5.4436367229e-21 2.3500488739e+00
1700.0 1400.0 5.1670507603e-21 2.2306451439e+00
1700.0 1450.0 4.9109196152e-21 2.1200718746e+00
1700.0 1500.0 4.6729642570e-21 2.0173451957e+00
1700.0 1550.0 4.4512688077e-21 1.9216380118e+00
1700.0 1600.0 4.2442082701e-21 1.8322488023e+00
1700.0 1650.0 4.0503923261e-21 1.7485773591e+00
1700.0 1700.0 3.8686214480e-21 1.6701058392e+00
1700.0 1750.0 3.6978524592e-21 1.5963838974e+00
1700.0 1800.0 3.5371713649e-21 1.5270169569e+00
1700.0 1850.0 3.3857717893e-21 1.4616569007e+00
1700.0 1900.0 3.2429377548e-21 1.3999946372e+00
1700.0 1950.0 3.1080298346e-21 1.3417541222e+00
1700.0 2000.0 2.9804739404e-21 1.2866875186e+00
1700.0 2050.0 2.8597521760e-21 1.2345712477e+00
1700.0 2100.0 2.7453953215e-21 1.1852027444e+00
1700.0 2150.0 2.6369766100e-21 1.1383977713e+00
1700.0 2200.0 2.5341065369e-21 1.0939881768e+00
1700.0 2250.0 2.4364284964e-21 1.0518200122e+00
1700.0 2300.0 2.3436150884e-21 1.0117519371e+00
1700.0 2350.0 2.2553649696e-21 9.7365385987e-01
1700.0 2400.0 2.1714001501e-21 9.3740577068e-01
1700.0 2450.0 2.0914636588e-21 9.0289673365e-01
1700.0 2500.0 2.0153175130e-21 8.7002401027e-01
1750.0 300.0 4.4538507466e-20 1.8678168595e+01
1750.0 350.0 3.6855806356e-20 1.5456264791e+01
1750.0 400.0 3.0931988734e-20 1.2971986118e+01
1750.0 450.0 2.6327522809e-20 1.1041005586e+01
1750.0 500.0 2.2696000047e-20 9.5180494234e+00
1750.0 550.0 1.9790662282e-20 8.2996343556e+00
1750.0 600.0 1.7437387001e-20 7.3127384096e+00
1750.0 650.0 1.5510639787e-20 6.5047160635e+00
1750.0 700.0 1.3917424881e-20 5.8365675707e+00
1750.0 750.0 1.2587300283e-20 5.2787515840e+00
1750.0 800.0 1.1466104252e-20 4.8085542271e+00
1750.0 850.0 1.0511819909e-20 4.4083548297e+00
1750.0 900.0 9.6916865058e-21 4.0644144769e+00
1750.0 950.0 8.9800807042e-21 3.7659874776e+00
1750.0 1000.0 8.3569117477e-21 3.5046483467e+00
1750.0 1050.0 7.8063847853e-21 3.2737731781e+00
1750.0 1100.0 7.3160411787e-21 3.0681371774e+00
1750.0 1150.0 6.8760128203e-21 2.8836019441e+00
1750.0 1200.0 6.4784435650e-21 2.7168728371e+00
1750.0 1250.0 6.1170413504e-21 2.5653111463e+00
1750.0 1300.0 5.7867322317e-21 2.4267890054e+00
1750.0 1350.0 5.4833935468e-21 2.2995774884e+00
1750.0 1400.0 5.2036482529e-21 2.1822603609e+00
1750.0 1450.0 4.9447063729e-21 2.0736675865e+00
1750.0 1500.0 4.7042426205e-21 1.9728240073e+00
1750.0 1550.0 4.4803017589e-21 1.8789096530e+00
1750.0 1600.0 4.2712252017e-21 1.7912289604e+00
1750.0 1650.0 4.0755938851e-21 1.7091868147e+00
1750.0 1700.0 3.8921836144e-21 1.6322698242e+00
1750.0 1750.0 3.7199299928e-21 1.5600316113e+00
1750.0 1800.0 3.5579007237e-21 1.4920811977e+00
1750.0 1850.0 3.4052736098e-21 1.4280737773e+00
1750.0 1900.0 3.2613189624e-21 1.3677033400e+00
1750.0 1950.0 3.1253854459e-21 1.3106967342e+00
1750.0 2000.0 2.9968886042e-21 1.2568088559e+00
1750.0 2050.0 2.8753014943e-21 1.2058187202e+00
1750.0 2100.0 2.7601469843e-21 1.1575262319e+00
1750.0 2150.0 2.6509913725e-21 1.1117495088e+00
1750.0 2200.0 2.5474390619e-21 1.0683226491e+00
1750.0 2250.0 2.4491280829e-21 1.0270938530e+00
1750.0 2300.0 2.3557263020e-21 9.8792383347e-01
1750.0 2350.0 2.2669281903e-21 9.5068446025e-01
1750.0 2400.0 2.1824520481e-21 9.1525759672e-01
1750.0 2450.0 2.1020376091e-21 8.8153409462e-01
1750.0 2500.0 2.0254439571e-21 8.4941292071e-01
1800.0 300.0 4.4841201936e-20 1.8282745781e+01
1800.0 350.0 3.7196368040e-20 1.5165778603e+01
1800.0 400.0 3.1263276874e-20 1.2746726642e+01
1800.0 450.0 2.6630496924e-20 1.0857840207e+01
1800.0 500.0 2.2965243556e-20 9.3634356712e+00
1800.0 550.0 2.0026858497e-20 8.1653913563e+00
1800.0 600.0 1.7643616166e-20 7.1936909607e+00
1800.0 650.0 1.5690647235e-20 6.3974225078e+00
1800.0 700.0 1.4074866790e-20 5.7386332284e+00
1800.0 750.0 1.2725457064e-20 5.1884491584e+00
1800.0 800.0 1.1587807471e-20 4.7246043596e+00
1800.0 850.0 1.0619469627e-20 4.3297916903e+00
1800.0 900.0 9.7873013170e-21 3.9904983394e+00
1800.0 950.0 9.0653547229e-21 3.6961448102e+00
1800.0 1000.0 8.4332680352e-21 3.4384291441e+00
1800.0 1050.0 7.8750216885e-21 3.2108198116e+00
1800.0 1100.0 7.3779711010e-21 3.0081613382e+00
1800.0 1150.0 6.9320941206e-21 2.8263674716e+00
1800.0 1200.0 6.5294066263e-21 2.6621829098e+00
1800.0 1250.0 6.1635098602e-21 2.5129987384e+00
1800.0 1300.0 5.8292405851e-21 2.3767097918e+00
1800.0 1350.0 5.5224011278e-21 2.2516045860e+00
1800.0 1400.0 5.2395512017e-21 2.1362804406e+00
1800.0 1450.0 4.9778473237e-21 2.0295780048e+00
1800.0 1500.0 4.7349187940e-21 1.9305306921e+00
1800.0 1550.0 4.5087717139e-21 1.8383255460e+00
1800.0 1600.0 4.2977144888e-21 1.7522728662e+00
1800.0 1650.0 4.1002997971e-21 1.6717825478e+00
1800.0 1700.0 3.9152791908e-21 1.5963455710e+00
1800.0 1750.0 3.7415674038e-21 1.5255194489e+00
1800.0 1800.0 3.5782141396e-21 1.4589167248e+00
1800.0 1850.0 3.4243816376e-21 1.3961958252e+00
1800.0 1900.0 3.2793267228e-21 1.3370537411e+00
1800.0 1950.0 3.1423863447e-21 1.2812201325e+00
1800.0 2000.0 3.0129658486e-21 1.2284525454e+00
1800.0 2050.0 2.8905293927e-21 1.1785325053e+00
1800.0 2100.0 2.7745920632e-21 1.1312623022e+00
1800.0 2150.0 2.6647133373e-21 1.0864623253e+00
1800.0 2200.0 2.5604916265e-21 1.0439688381e+00
1800.0 2250.0 2.4615596861e-21 1.0036321067e+00
1800.0 2300.0 2.3675807283e-21 9.6531481549e-01
1800.0 2350.0 2.2782451084e-21 9.2889071537e-01
1800.0 2400.0 2.1932674791e-21 8.9424346404e-01
1800.0 2450.0 2.1123843345e-21 8.6126562430e-01
1800.0 2500.0 2.0353518749e-21 8.2985779366e-01
1850.0 300.0 4.5128925144e-20 1.7902758037e+01
1850.0 350.0 3.7524289935e-20 1.4885980135e+01
1850.0 400.0 3.1584263550e-20 1.2529556738e+01
1850.0 450.0 2.6925151138e-20 1.0681275133e+01
1850.0 500.0 2.3227751623e-20 9.2145074523e+00
1850.0 550.0 2.0257559374e-20 8.0362247212e+00
1850.0 600.0 1.7845315006e-20 7.0792813171e+00
1850.0 650.0 1.5866876766e-20 6.2944298948e+00
1850.0 700.0 1.4229121064e-20 5.6447280911e+00
1850.0 750.0 1.2860893312e-20 5.1019487030e+00
1850.0 800.0 1.1707163533e-20 4.6442611996e+00
1850.0 850.0 1.0725073902e-20 4.2546637744e+00
1850.0 900.0 9.8811172209e-21 3.9198640378e+00
1850.0 950.0 9.1490335251e-21 3.6294445956e+00
1850.0 1000.0 8.5081992055e-21 3.3752240103e+00
1850.0 1050.0 7.9423769676e-21 3.1507609063e+00
1850.0 1100.0 7.4387415949e-21 2.9509674881e+00
1850.0 1150.0 6.9871209581e-21 2.7718084463e+00
1850.0 1200.0 6.5794061057e-21 2.6100669396e+00
1850.0 1250.0 6.2090940400e-21 2.4631632123e+00
1850.0 1300.0 5.8709341679e-21 2.3290143411e+00
1850.0 1350.0 5.5606553482e-21 2.2059259534e+00
1850.0 1400.0 5.2747552927e-21 2.0925086828e+00
1850.0 1450.0 5.0103380220e-21 1.9876136869e+00
1850.0 1500.0 4.7649882512e-21 1.8902828161e+00
1850.0 1550.0 4.5366741057e-21 1.7997100207e+00
1850.0 1600.0 4.3236715553e-21 1.7152113736e+00
1850.0 1650.0 4.1245055021e-21 1.6362016997e+00
1850.0 1700.0 3.9379036525e-21 1.5621762769e+00
1850.0 1750.0 3.7627602189e-21 1.4926964366e+00
1850.0 1800.0 3.5981072021e-21 1.4273781710e+00
1850.0 1850.0 3.4430915351e-21 1.3658830662e+00
1850.0 1900.0 3.2969567775e-21 1.3079110406e+00
1850.0 1950.0 3.1590283571e-21 1.2531944895e+00
1850.0 2000.0 3.0287015882e-21 1.2014935327e+00
1850.0 2050.0 2.9054318773e-21 1.1525921286e+00
1850.0 2100.0 2.7887266570e-21 1.1062948743e+00
1850.0 2150.0 2.6781386972e-21 1.0624243527e+00
1850.0 2200.0 2.5732605175e-21 1.0208189152e+00
1850.0 2250.0 2.4737196866e-21 9.8133081742e-01
1850.0 2300.0 2.3791748410e-21 9.4382463952e-01
1850.0 2350.0 2.2893122895e-21 9.0817593946e-01
1850.0 2400.0 2.2038430995e-21 8.7427009696e-01
1850.0 2450.0 2.1225005807e-21 8.4200131529e-01
1850.0 2500.0 2.0450380993e-21 8.1127175423e-01
1900.0 300.0 4.5402267080e-20 1.7537214694e+01
1900.0 350.0 3.7839978753e-20 1.4616182717e+01
1900.0 400.0 3.1895226888e-20 1.2319945184e+01
1900.0 450.0 2.7211677263e-20 1.0510863378e+01
1900.0 500.0 2.3483658436e-20 9.0708677404e+00
1900.0 550.0 2.0482860224e-20 7.9117704997e+00
1900.0 600.0 1.8042552158e-20 6.9691698494e+00
1900.0 650.0 1.6039378379e-20 6.1954179888e+00
1900.0 700.0 1.4380224429e-20 5.5545482502e+00
1900.0 750.0 1.2993636150e-20 5.0189605382e+00
1900.0 800.0 1.1824192502e-20 4.5672477573e+00
1900.0 850.0 1.0828647544e-20 4.1827056012e+00
1900.0 900.0 9.9731450763e-21 3.8522566742e+00
1900.0 950.0 9.2311249662e-21 3.5656417799e+00
1900.0 1000.0 8.5817108144e-21 3.3147971385e+00
1900.0 1050.0 8.0084544056e-21 3.0933694133e+00
1900.0 1100.0 7.4983550695e-21 2.8963369269e+00
1900.0 1150.0 7.0410946731e-21 2.7197141664e+00
1900.0 1200.0 6.6284425100e-21 2.5603219148e+00
1900.0 1250.0 6.2537937455e-21 2.4156089689e+00
1900.0 1300.0 5.9118123279e-21 2.2835142097e+00
1900.0 1350.0 5.5981551608e-21 2.1623600595e+00
1900.0 1400.0 5.3092591727e-21 2.0507702361e+00
1900.0 1450.0 5.0421768799e-21 1.9476062355e+00
1900.0 1500.0 4.7944492267e-21 1.8519182155e+00
1900.0 1550.0 4.5640070372e-21 1.7629069301e+00
1900.0 1600.0 4.3490944092e-21 1.6798941393e+00
1900.0 1650.0 4.1482089434e-21 1.6022995219e+00
1900.0 1700.0 3.9600549021e-21 1.5296225825e+00
1900.0 1750.0 3.7835063193e-21 1.4614284018e+00
1900.0 1800.0 3.6175777869e-21 1.3973363535e+00
1900.0 1850.0 3.4614011848e-21 1.3370111148e+00
1900.0 1900.0 3.3142070268e-21 1.2801554616e+00
1900.0 1950.0 3.1753094089e-21 1.2265044546e+00
1900.0 2000.0 3.0440937810e-21 1.1758207160e+00
1900.0 2050.0 2.9200069429e-21 1.1278905649e+00
1900.0 2100.0 2.8025488016e-21 1.0825208340e+00
1900.0 2150.0 2.6912655318e-21 1.0395362273e+00
1900.0 2200.0 2.5857438605e-21 9.9877711275e-01
1900.0 2250.0 2.4856062577e-21 9.6009766450e-01
1900.0 2300.0 2.3905068616e-21 9.2336428896e-01
1900.0 2350.0 2.3001280041e-21 8.8845428270e-01
1900.0 2400.0 2.2141772287e-21 8.5525468062e-01
1900.0 2450.0 2.1323847159e-21 8.2366126141e-01
1900.0 2500.0 2.0545010472e-21 7.9357768393e-01
1950.0 300.0 4.5661787665e-20 1.7185215377e+01
1950.0 350.0 3.8143826313e-20 1.4355764503e+01
1950.0 400.0 3.2196438869e-20 1.2117412932e+01
1950.0 450.0 2.7490265872e-20 1.0346203334e+01
1950.0 500.0 2.3733099628e-20 8.9321607745e+00
1950.0 550.0 2.0702859243e-20 7.7917031552e+00
1950.0 600.0 1.8235399883e-20 6.8630531239e+00
1950.0 650.0 1.6208206029e-20 6.1001008880e+00
1950.0 700.0 1.4528217689e-20 5.4678225009e+00
1950.0 750.0 1.3123716766e-20 4.9392262264e+00
1950.0 800.0 1.1938918436e-20 4.4933169545e+00
1950.0 850.0 1.0930209246e-20 4.1136803795e+00
1950.0 900.0 1.0063399492e-20 3.7874489052e+00
1950.0 950.0 9.3116405143e-21 3.5045178023e+00
1950.0 1000.0 8.6538118909e-21 3.2569382143e+00
1950.0 1050.0 8.0732611218e-21 3.0384428265e+00
1950.0 1100.0 7.5568171375e-21 2.8440745909e+00
1950.0 1150.0 7.0940196824e-21 2.6698966985e+00
1950.0 1200.0 6.6765193008e-21 2.5127667580e+00
1950.0 1250.0 6.2976116726e-21 2.3701615397e+00
1950.0 1300.0 5.9518771447e-21 2.2400413094e+00
1950.0 1350.0 5.6349021475e-21 2.1207449814e+00
1950.0 1400.0 5.3430640218e-21 2.0109091362e+00
1950.0 1450.0 5.0733647523e-21 1.9094054441e+00
1950.0 1500.0 4.8233023124e-21 1.8152922456e+00
1950.0 1550.0 4.5907708881e-21 1.7277769990e+00
1950.0 1600.0 4.3739832598e-21 1.6461870684e+00
1950.0 1650.0 4.1714101935e-21 1.5699469133e+00
1950.0 1700.0 3.9817329038e-21 1.4985601972e+00
1950.0 1750.0 3.8038055839e-21 1.4315956855e+00
1950.0 1800.0 3.6366257069e-21 1.3686760684e+00
1950.0 1850.0 3.4793103493e-21 1.3094690501e+00
1950.0 1900.0 3.3310771957e-21 1.2536801990e+00
1950.0 1950.0 3.1912291985e-21 1.2010471753e+00
1950.0 2000.0 3.0591421074e-21 1.1513350369e+00
1950.0 2050.0 2.9342542595e-21 1.1043323969e+00
1950.0 2100.0 2.8160581622e-21 1.0598482562e+00
1950.0 2150.0 2.7040935064e-21 1.0177093733e+00
1950.0 2200.0 2.5979413249e-21 9.7775806618e-01
1950.0 2250.0 2.4972190756e-21 9.3985036181e-01
1950.0 2300.0 2.4015764758e-21 9.0385442824e-01
1950.0 2350.0 2.3106919493e-21 8.6964923735e-01
1950.0 2400.0 2.2242695767e-21 8.3712341737e-01
1950.0 2450.0 2.1420364641e-21 8.0617426220e-01
1950.0 2500.0 2.0637404569e-21 7.7670687129e-01
2000.0 300.0 4.5908019628e-20 1.6845939769e+01
2000.0 350.0 3.8436210592e-20 1.4104160751e+01
2000.0 400.0 3.2488165408e-20 1.1921526611e+01
2000.0 450.0 2.7761105845e-20 1.0186932932e+01
2000.0 500.0 2.3976211564e-20 8.7980666374e+00
2000.0 550.0 2.0917656669e-20 7.6757304541e+00
2000.0 600.0 1.8423933166e-20 6.7606590511e+00
2000.0 650.0 1.6373416732e-20 6.0082224044e+00
2000.0 700.0 1.4673144840e-20 5.3843079312e+00
2000.0 750.0 1.3251169569e-20 4.8625143542e+00
2000.0 800.0 1.2051368566e-20 4.4222475864e+00
2000.0 850.0 1.1029780801e-20 4.0473761347e+00
2000.0 900.0 1.0151898085e-20 3.7252372256e+00
2000.0 950.0 9.3905945417e-21 3.4458770237e+00
2000.0 1000.0 8.7245142620e-21 3.2014589816e+00
2000.0 1050.0 8.1368069272e-21 2.9857998780e+00
2000.0 1100.0 7.6141359993e-21 2.7940058725e+00
2000.0 1150.0 7.1459028894e-21 2.6221878147e+00
2000.0 1200.0 6.7236423304e-21 2.4672393765e+00
2000.0 1250.0 6.3405528157e-21 2.3266647461e+00
2000.0 1300.0 5.9911329085e-21 2.1984451723e+00
2000.0 1350.0 5.6709000181e-21 2.0809357692e+00
2000.0 1400.0 5.3761730690e-21 1.9727857668e+00
2000.0 1450.0 5.1039044686e-21 1.8728768516e+00
2000.0 1500.0 4.8515500047e-21 1.7802754252e+00
2000.0 1550.0 4.6169678766e-21 1.6941955544e+00
2000.0 1600.0 4.3983400922e-21 1.6139701271e+00
2000.0 1650.0 4.1941110421e-21 1.5390283129e+00
2000.0 1700.0 4.0029392830e-21 1.4688778694e+00
2000.0 1750.0 3.8236594998e-21 1.4030911843e+00
2000.0 1800.0 3.6552523327e-21 1.3412942038e+00
2000.0 1850.0 3.4968203013e-21 1.2831575976e+00
2000.0 1900.0 3.3475684741e-21 1.2283896657e+00
2000.0 1950.0 3.2067888459e-21 1.1767306058e+00
2000.0 2000.0 3.0738476284e-21 1.1279478493e+00
2000.0 2050.0 2.9481748379e-21 1.0818322408e+00
2000.0 2100.0 2.8292557073e-21 1.0381948867e+00
2000.0 2150.0 2.7166235536e-21 9.9686453758e-01
2000.0 2200.0 2.6098538123e-21 9.5768539970e-01
2000.0 2250.0 2.5085590158e-21 9.2051529183e-01
2000.0 2300.0 2.4123845367e-21 8.8522408358e-01
2000.0 2350.0 2.3210049585e-21 8.5169236336e-01
2000.0 2400.0 2.2341209601e-21 8.1981029532e-01
2000.0 2450.0 2.1514566268e-21 7.8947663269e-01
2000.0 2500.0 2.0727571169e-21 7.6059786132e-01
2050.0 300.0 4.6141470842e-20 1.6518638684e+01
2050.0 350.0 3.8717496483e-20 1.3860857131e+01
2050.0 400.0 3.2770666257e-20 1.1731892925e+01
2050.0 450.0 2.8024383840e-20 1.0032724630e+01
2050.0 500.0 2.4213130591e-20 8.6682966175e+00
2050.0 550.0 2.1127353941e-20 7.5635891038e+00
2050.0 600.0 1.8608228857e-20 6.6617427540e+00
2050.0 650.0 1.6535069710e-20 5.9195521331e+00
2050.0 700.0 1.4815052246e-20 5.3037861748e+00
2050.0 750.0 1.3376031385e-20 4.7886169522e+00
2050.0 800.0 1.2161572546e-20 4.3538408951e+00
2050.0 850.0 1.1127386383e-20 3.9836024253e+00
2050.0 900.0 1.0238660793e-20 3.6654388157e+00
2050.0 950.0 9.4680036748e-21 3.3895436991e+00
2050.0 1000.0 8.7938319350e-21 3.1481903313e+00
2050.0 1050.0 8.1991037367e-21 2.9352777379e+00
2050.0 1100.0 7.6703218829e-21 2.7459739245e+00
2050.0 1150.0 7.1967531500e-21 2.5764363990e+00
2050.0 1200.0 6.7698193296e-21 2.4235941642e+00
2050.0 1250.0 6.3826239766e-21 2.2849782939e+00
2050.0 1300.0 6.0295856492e-21 2.1585906330e+00
2050.0 1350.0 5.7061541572e-21 2.0428022141e+00
2050.0 1400.0 5.4085911563e-21 1.9362747105e+00
2050.0 1450.0 5.1338004128e-21 1.8378996713e+00
2050.0 1500.0 4.8791962988e-21 1.7467514419e+00
2050.0 1550.0 4.6426016667e-21 1.6620506040e+00
2050.0 1600.0 4.4221682870e-21 1.5831354917e+00
2050.0 1650.0 4.2163146266e-21 1.5094399165e+00
2050.0 1700.0 4.0236769675e-21 1.4404756674e+00
2050.0 1750.0 3.8430708140e-21 1.3758186953e+00
2050.0 1800.0 3.6734602542e-21 1.3150981438e+00
2050.0 1850.0 3.5139334936e-21 1.2579875908e+00
2050.0 1900.0 3.3636831953e-21 1.2041980096e+00
2050.0 1950.0 3.2219905796e-21 1.1534720774e+00
2050.0 2000.0 3.0882124799e-21 1.1055795405e+00
2050.0 2050.0 2.9617707321e-21 1.0603134164e+00
2050.0 2100.0 2.8421434179e-21 1.0174868584e+00
2050.0 2150.0 2.7288575889e-21 9.7693055093e-01
2050.0 2200.0 2.6214831798e-21 9.3849053078e-01
2050.0 2250.0 2.5196278821e-21 9.0202635160e-01
2050.0 2300.0 2.4229327997e-21 8.6740952862e-01
2050.0 2350.0 2.3310687430e-21 8.3452221202e-01
2050.0 2400.0 2.2437330490e-21 8.0325604846e-01
2050.0 2450.0 2.1606468365e-21 7.7351119856e-01
2050.0 2500.0 2.0815526245e-21 7.4519548418e-01
2100.0 300.0 4.6362626008e-20 1.6202626191e+01
2100.0 350.0 3.8988036143e-20 1.3625383848e+01
2100.0 400.0 3.3044194657e-20 1.1548153759e+01
2100.0 450.0 2.8280283600e-20 9.8832810647e+00
2100.0 500.0 2.4443992195e-20 8.5425891983e+00
2100.0 550.0 2.1332052805e-20 7.4550409939e+00
2100.0 600.0 1.8788364769e-20 6.5660830135e+00
2100.0 650.0 1.6693225514e-20 5.8338820774e+00
2100.0 700.0 1.4953987799e-20 5.2260601961e+00
2100.0 750.0 1.3498340673e-20 4.7173464265e+00
2100.0 800.0 1.2269561695e-20 4.2879176349e+00
2100.0 850.0 1.1223051838e-20 3.9221875313e+00
2100.0 900.0 1.0323709210e-20 3.6078888455e+00
2100.0 950.0 9.5438861630e-21 3.3353593879e+00
2100.0 1000.0 8.8617804995e-21 3.0969798128e+00
2100.0 1050.0 8.2601650022e-21 2.8867296210e+00
2100.0 1100.0 7.7253865046e-21 2.6998373580e+00
2100.0 1150.0 7.2465807590e-21 2.5325062299e+00
2100.0 1200.0 6.8150594185e-21 2.3816998676e+00
2100.0 1250.0 6.4238332974e-21 2.2449757184e+00
2100.0 1300.0 6.0672426888e-21 2.1203558504e+00
2100.0 1350.0 5.7406711944e-21 2.0062269430e+00
2100.0 1400.0 5.4403243255e-21 1.9012629135e+00
2100.0 1450.0 5.1630581247e-21 1.8043650241e+00
2100.0 1500.0 4.9062463041e-21 1.7146154502e+00
2100.0 1550.0 4.6676769965e-21 1.6312411972e+00
2100.0 1600.0 4.4454722613e-21 1.5535859698e+00
2100.0 1650.0 4.2380250848e-21 1.4810881555e+00
2100.0 1700.0 4.0439498513e-21 1.4132635145e+00
2100.0 1750.0 3.8620432064e-21 1.3496915035e+00
2100.0 1800.0 3.6912529631e-21 1.2900044084e+00
2100.0 1850.0 3.5306532516e-21 1.2338786598e+00
2100.0 1900.0 3.3794245367e-21 1.1810278499e+00
2100.0 1950.0 3.2368374448e-21 1.1311970799e+00
2100.0 2000.0 3.1022395889e-21 1.0841583564e+00
2100.0 2050.0 2.9750447625e-21 1.0397068143e+00
2100.0 2100.0 2.8547240179e-21 9.9765759886e-01
2100.0 2150.0 2.7407982487e-21 9.5784327403e-01
2100.0 2200.0 2.6328319833e-21 9.2011165288e-01
2100.0 2250.0 2.5304281568e-21 8.8432397076e-01
2100.0 2300.0 2.4332236788e-21 8.5035333632e-01
2100.0 2350.0 2.3408856536e-21 8.1808341041e-01
2100.0 2400.0 2.2531081354e-21 7.8740727236e-01
2100.0 2450.0 2.1696093296e-21 7.5822644174e-01
2100.0 2500.0 2.0901291639e-21 7.3045002945e-01
2150.0 300.0 4.6571948061e-20 1.5897272736e+01
2150.0 350.0 3.9248169233e-20 1.3397310541e+01
2150.0 400.0 3.3308996972e-20 1.1369981963e+01
2150.0 450.0 2.8528985287e-20 9.7383313104e+00
2150.0 500.0 2.4668930205e-20 8.4207066250e+00
2150.0 550.0 2.1531854475e-20 7.3498699828e+00
2150.0 600.0 1.8964418851e-20 6.4734792359e+00
2150.0 650.0 1.6847945231e-20 5.7510237711e+00
2150.0 700.0 1.5090000161e-20 5.1509515520e+00
2150.0 750.0 1.3618136802e-20 4.6485329453e+00
2150.0 800.0 1.2375368326e-20 4.2243155735e+00
2150.0 850.0 1.1316804049e-20 3.8629760609e+00
2150.0 900.0 1.0407065986e-20 3.5524381788e+00
2150.0 950.0 9.6182613148e-21 3.2831807500e+00
2150.0 1000.0 8.9283765955e-21 3.0476895156e+00
2150.0 1050.0 8.3200052090e-21 2.8400227492e+00
2150.0 1100.0 7.7793425922e-21 2.6554682817e+00
2150.0 1150.0 7.2953969962e-21 2.4902740940e+00
2150.0 1200.0 6.8593726741e-21 2.3414377697e+00
2150.0 1250.0 6.4641898474e-21 2.2065426356e+00
2150.0 1300.0 6.1041122458e-21 2.0836306236e+00
2150.0 1350.0 5.7744586253e-21 1.9711037972e+00
2150.0 1400.0 5.4713794544e-21 1.8676481240e+00
2150.0 1450.0 5.1916839508e-21 1.7721744346e+00
2150.0 1500.0 4.9327059076e-21 1.6837726229e+00
2150.0 1550.0 4.6921993543e-21 1.6016760297e+00
2150.0 1600.0 4.4682571549e-21 1.5252336568e+00
2150.0 1650.0 4.2592472513e-21 1.4538884033e+00
2150.0 1700.0 4.0637625001e-21 1.3871599426e+00
2150.0 1750.0 3.8805810052e-21 1.3246311821e+00
2150.0 1800.0 3.7086345763e-21 1.2659374965e+00
2150.0 1850.0 3.5469835039e-21 1.2107581172e+00
2150.0 1900.0 3.3947962583e-21 1.1588092027e+00
2150.0 1950.0 3.2513330498e-21 1.1098382267e+00
2150.0 2000.0 3.1159324263e-21 1.0636194033e+00
2150.0 2050.0 2.9880002756e-21 1.0199499332e+00
2150.0 2100.0 2.8670007401e-21 9.7864690218e-01
2150.0 2150.0 2.7524486613e-21 9.3954470194e-01
2150.0 2200.0 2.6439032551e-21 9.0249287143e-01
2150.0 2250.0 2.5409627832e-21 8.6735427780e-01
2150.0 2300.0 2.4432600350e-21 8.3400357420e-01
2150.0 2350.0 2.3504584739e-21 8.0232588433e-01
2150.0 2400.0 2.2622489305e-21 7.7221567364e-01
2150.0 2450.0 2.1783467496e-21 7.4357577539e-01
2150.0 2500.0 2.0984893142e-21 7.1631654567e-01
2200.0 300.0 4.6769879028e-20 1.5601999022e+01
2200.0 350.0 3.9498222805e-20 1.3176241769e+01
2200.0 400.0 3.3565312085e-20 1.1197077632e+01
2200.0 450.0 2.8770664664e-20 9.5976276034e+00
2200.0 500.0 2.4888075897e-20 8.3024319046e+00
2200.0 550.0 2.1726858732e-20 7.2478790996e+00
2200.0 600.0 1.9136468310e-20 6.3837488160e+00
2200.0 650.0 1.6999289644e-20 5.6708057817e+00
2200.0 700.0 1.5223137983e-20 5.0782980171e+00
2200.0 750.0 1.3735459319e-20 4.5820221757e+00
2200.0 800.0 1.2479025063e-20 4.1628873299e+00
2200.0 850.0 1.1408670299e-20 3.8058268814e+00
2200.0 900.0 1.0488754227e-20 3.4989513893e+00
2200.0 950.0 9.6911489337e-21 3.2328776412e+00
2200.0 1000.0 8.9936373818e-21 3.0001942394e+00
2200.0 1050.0 8.3786393744e-21 2.7950365929e+00
2200.0 1100.0 7.8322034101e-21 2.6127506097e+00
2200.0 1150.0 7.3432136771e-21 2.4496281580e+00
2200.0 1200.0 6.9027697030e-21 2.3027001223e+00
2200.0 1250.0 6.5037032160e-21 2.1695752336e+00
2200.0 1300.0 6.1402030473e-21 2.0483149397e+00
2200.0 1350.0 5.8075244410e-21 1.9373364339e+00
2200.0 1400.0 5.5017639013e-21 1.8353375462e+00
2200.0 1450.0 5.2196847027e-21 1.7412385347e+00
2200.0 1500.0 4.9585814462e-21 1.6541369036e+00
2200.0 1550.0 4.7161746621e-21 1.5732722427e+00
2200.0 1600.0 4.4905285261e-21 1.4979987789e+00
2200.0 1650.0 4.2799863636e-21 1.4277638610e+00
2200.0 1700.0 4.0831198679e-21 1.3620910191e+00
2200.0 1750.0 3.8986889119e-21 1.3005665581e+00
2200.0 1800.0 3.7256095705e-21 1.2428288908e+00
2200.0 1850.0 3.5629285252e-21 1.1885599989e+00
2200.0 1900.0 3.4098024531e-21 1.1374785577e+00
2200.0 1950.0 3.2654813233e-21 1.0893343637e+00
2200.0 2000.0 3.1292947716e-21 1.0439037898e+00
2200.0 2050.0 3.0006409145e-21 1.0009860532e+00
2200.0 2100.0 2.8789771029e-21 9.6040013099e-01
2200.0 2150.0 2.7638122306e-21 9.2198219485e-01
2200.0 2200.0 2.6547002932e-21 8.8558346185e-01
2200.0 2250.0 2.5512349610e-21 8.5106838408e-01
2200.0 2300.0 2.4530449760e-21 8.1831311333e-01
2200.0 2350.0 2.3597902260e-21 7.8720419133e-01
2200.0 2400.0 2.2711583761e-21 7.5763742604e-01
2200.0 2450.0 2.1868619619e-21 7.2951692201e-01
2200.0 2500.0 2.1066358690e-21 7.0275423952e-01
2250.0 300.0 4.6956840424e-20 1.5316270556e+01
2250.0 350.0 3.9738510888e-20 1.2961812992e+01
2250.0 400.0 3.3813370602e-20 1.1029164822e+01
2250.0 450.0 2.9005492136e-20 9.4609424564e+00
2250.0 500.0 2.5101556995e-20 8.1875661747e+00
2250.0 550.0 2.1917162950e-20 7.1488880969e+00
2250.0 600.0 1.9304588691e-20 6.2967248371e+00
2250.0 650.0 1.7147318373e-20 5.5930715343e+00
2250.0 700.0 1.5353449095e-20 5.0079515186e+00
2250.0 750.0 1.3850347200e-20 4.5176733168e+00
2250.0 800.0 1.2580564138e-20 4.1034984966e+00
2250.0 850.0 1.1498677612e-20 3.7506113223e+00
2250.0 900.0 1.0568796890e-20 3.4473050394e+00
2250.0 950.0 9.7625687508e-21 3.1843314619e+00
2250.0 1000.0 9.0575800043e-21 2.9543799089e+00
2250.0 1050.0 8.4360825473e-21 2.7516613461e+00
2250.0 1100.0 7.8839822874e-21 2.5715785961e+00
2250.0 1150.0 7.3900427063e-21 2.4104665581e+00
2250.0 1200.0 6.9452612182e-21 2.2653887899e+00
2250.0 1250.0 6.5423831108e-21 2.1339789667e+00
2250.0 1300.0 6.1755239463e-21 2.0143177168e+00
2250.0 1350.0 5.8398767623e-21 1.9048371164e+00
2250.0 1400.0 5.5314851561e-21 1.8042466756e+00
2250.0 1450.0 5.2470673233e-21 1.7114759432e+00
2250.0 1500.0 4.9838793856e-21 1.6256299275e+00
2250.0 1550.0 4.7396089680e-21 1.5459543834e+00
2250.0 1600.0 4.5122920554e-21 1.4718086934e+00
2250.0 1650.0 4.3002477774e-21 1.4026445950e+00
2250.0 1700.0 4.1020270216e-21 1.3379894202e+00
2250.0 1750.0 3.9163717365e-21 1.2774328208e+00
2250.0 1800.0 3.7421825252e-21 1.2206161980e+00
2250.0 1850.0 3.5784926882e-21 1.1672242362e+00
2250.0 1900.0 3.4244473071e-21 1.1169780800e+00
2250.0 1950.0 3.2792862819e-21 1.0696298020e+00
2250.0 2000.0 3.1423304877e-21 1.0249578867e+00
2250.0 2050.0 3.0129704015e-21 9.8276352138e-01
2250.0 2100.0 2.8906566995e-21 9.4286752891e-01
2250.0 2150.0 2.7748924306e-21 9.0510781495e-01
2250.0 2200.0 2.6652264616e-21 8.6933722994e-01
2250.0 2250.0 2.5612479520e-21 8.3542176691e-01
2250.0 2300.0 2.4625816684e-21 8.0323903313e-01
2250.0 2350.0 2.3688839873e-21 7.7267694630e-01
2250.0 2400.0 2.2798394654e-21 7.4363261588e-01
2250.0 2450.0 2.1951578810e-21 7.1601137803e-01
2250.0 2500.0 2.1145716681e-21 6.8972595870e-01
2300.0 300.0 4.7133234165e-20 1.5039593068e+01
2300.0 350.0 3.9969334618e-20 1.2753687255e+01
2300.0 400.0 3.4053394561e-20 1.0865988848e+01
2300.0 450.0 2.9233632264e-20 9.3280662986e+00
2300.0 500.0 2.5309497106e-20 8.0759265513e+00
2300.0 550.0 2.2102861504e-20 7.0527314444e+00
2300.0 600.0 1.9468853292e-20 6.2122541811e+00
2300.0 650.0 1.7292089318e-20 5.5176775209e+00
2300.0 700.0 1.5480979986e-20 4.9397764320e+00
2300.0 750.0 1.3962838364e-20 4.4553574733e+00
2300.0 800.0 1.2680016938e-20 4.0460260839e+00
2300.0 850.0 1.1586852338e-20 3.6972116850e+00
2300.0 900.0 1.0647216380e-20 3.3973862500e+00
2300.0 950.0 9.8325400501e-21 3.1374337832e+00
2300.0 1000.0 9.1202212433e-21 2.9101422515e+00
2300.0 1050.0 8.4923494761e-21 2.7097966557e+00
2300.0 1100.0 7.9346923050e-21 2.5318556111e+00
2300.0 1150.0 7.4358957811e-21 2.3726962222e+00
2300.0 1200.0 6.9868577578e-21 2.2294141144e+00
2300.0 1250.0 6.5802390906e-21 2.0996674633e+00
2300.0 1300.0 6.2100836668e-21 1.9815557520e+00
2300.0 1350.0 5.8715235968e-21 1.8735257012e+00
2300.0 1400.0 5.5605506077e-21 1.7742983238e+00
2300.0 1450.0 5.2738386637e-21 1.6828123258e+00
2300.0 1500.0 5.0086061073e-21 1.5981801170e+00
2300.0 1550.0 4.7625082408e-21 1.5196535352e+00
2300.0 1600.0 4.5335533476e-21 1.4465970500e+00
2300.0 1650.0 4.3200367752e-21 1.3784667293e+00
2300.0 1700.0 4.1204889572e-21 1.3147936537e+00
2300.0 1750.0 3.9336342190e-21 1.2551707724e+00
2300.0 1800.0 3.7583579509e-21 1.1992424282e+00
2300.0 1850.0 3.5936802969e-21 1.1466959618e+00
2300.0 1900.0 3.4387349375e-21 1.0972549422e+00
2300.0 1950.0 3.2927518738e-21 1.0506736729e+00
2300.0 2000.0 3.1550433683e-21 1.0067327060e+00
2300.0 2050.0 3.0249923894e-21 9.6523515471e-01
2300.0 2100.0 2.9020430533e-21 9.2600364397e-01
2300.0 2150.0 2.7856926658e-21 8.8887777062e-01
2300.0 2200.0 2.6754850543e-21 8.5371197607e-01
2300.0 2250.0 2.5710049478e-21 8.2037375274e-01
2300.0 2300.0 2.4718732083e-21 7.8874212279e-01
2300.0 2350.0 2.3777427645e-21 7.5870634029e-01
2300.0 2400.0 2.2882951215e-21 7.3016477772e-01
2300.0 2450.0 2.2032373508e-21 7.0302396550e-01
2300.0 2500.0 2.1222994806e-21 6.7719775912e-01
2350.0 300.0 4.7299442528e-20 1.4771508220e+01
2350.0 350.0 4.0190981605e-20 1.2551552057e+01
2350.0 400.0 3.4285596552e-20 1.0707313749e+01
2350.0 450.0 2.9455242797e-20 9.1988052678e+00
2350.0 500.0 2.5512014755e-20 7.9673441274e+00
2350.0 550.0 2.2284044853e-20 6.9592564758e+00
2350.0 600.0 1.9629332306e-20 6.1301957911e+00
2350.0 650.0 1.7433657860e-20 5.4444916604e+00
2350.0 700.0 1.5605775069e-20 4.8736480260e+00
2350.0 750.0 1.4072968986e-20 4.3949561759e+00
2350.0 800.0 1.2777413377e-20 3.9903571086e+00
2350.0 850.0 1.1673219561e-20 3.6455198936e+00
2350.0 900.0 1.0724034013e-20 3.3490914079e+00
2350.0 950.0 9.9010811646e-21 3.0920851069e+00
2350.0 1000.0 9.1815770430e-21 2.8673856078e+00
2350.0 1050.0 8.5474541678e-21 2.6693504775e+00
2350.0 1100.0 7.9843458803e-21 2.4934930413e+00
2350.0 1150.0 7.4807840003e-21 2.3362318126e+00
2350.0 1200.0 7.0275693162e-21 2.1946938985e+00
2350.0 1250.0 6.6172802153e-21 2.0665615464e+00
2350.0 1300.0 6.2438904721e-21 1.9499527796e+00
2350.0 1350.0 5.9024725237e-21 1.8433287316e+00
2350.0 1400.0 5.5889672433e-21 1.7454217462e+00
2350.0 1450.0 5.3000051963e-21 1.6551795568e+00
2350.0 1500.0 5.0327676335e-21 1.5717218744e+00
2350.0 1550.0 4.7848781073e-21 1.4943065397e+00
2350.0 1600.0 4.5543176807e-21 1.4223030433e+00
2350.0 1650.0 4.3393583256e-21 1.3551717261e+00
2350.0 1700.0 4.1385103680e-21 1.2924473662e+00
2350.0 1750.0 3.9504808066e-21 1.2337261623e+00
2350.0 1800.0 3.7741400745e-21 1.1786553531e+00
2350.0 1850.0 3.6084953797e-21 1.1269248920e+00
2350.0 1900.0 3.4526691937e-21 1.0782607289e+00
2350.0 1950.0 3.3058817858e-21 1.0324193555e+00
2350.0 2000.0 3.1674369524e-21 9.8918334927e-01
2350.0 2050.0 3.0367102822e-21 9.4835770778e-01
2350.0 2100.0 2.9131394447e-21 9.0976681654e-01
2350.0 2150.0 2.7962161024e-21 8.7325192292e-01
2350.0 2200.0 2.6854791325e-21 8.3866901933e-01
2350.0 2250.0 2.5805089119e-21 8.0588705841e-01
2350.0 2300.0 2.4809224686e-21 7.7478643888e-01
2350.0 2350.0 2.3863693458e-21 7.4525771388e-01
2350.0 2400.0 2.2965280529e-21 7.1720048267e-01
2350.0 2450.0 2.2111030053e-21 6.9052243477e-01
2350.0 2500.0 2.1298218700e-21 6.6513852124e-01
2400.0 300.0 4.7455828612e-20 1.4511590004e+01
2400.0 350.0 4.0403725829e-20 1.2355116769e+01
2400.0 400.0 3.4510179306e-20 1.0552920214e+01
2400.0 450.0 2.9670474137e-20 9.0729794101e+00
2400.0 500.0 2.5709222803e-20 7.8616623405e+00
2400.0 550.0 2.2460798959e-20 6.8683218728e+00
2400.0 600.0 1.9786092271e-20 6.0504192469e+00
2400.0 650.0 1.7572076346e-20 5.3733919501e+00
2400.0 700.0 1.5727876193e-20 4.8094511806e+00
2400.0 750.0 1.4180773055e-20 4.3363601591e+00
2400.0 800.0 1.2872781477e-20 3.9363874252e+00
2400.0 850.0 1.1757802717e-20 3.5954363746e+00
2400.0 900.0 1.0799269653e-20 3.3023250912e+00
2400.0 950.0 9.9682091425e-21 3.0481938337e+00
2400.0 1000.0 9.2416621994e-21 2.8260219390e+00
2400.0 1050.0 8.6014095953e-21 2.6302381215e+00
2400.0 1100.0 8.0329544928e-21 2.4564093711e+00
2400.0 1150.0 7.5247176060e-21 2.3009948406e+00
2400.0 1200.0 7.0674050992e-21 2.1611525536e+00
2400.0 1250.0 6.6535148151e-21 2.0345884142e+00
2400.0 1300.0 6.2769519458e-21 1.9194386817e+00
2400.0 1350.0 5.9327304850e-21 1.8141786777e+00
2400.0 1400.0 5.6167414503e-21 1.7175519102e+00
2400.0 1450.0 5.3255728261e-21 1.6285150138e+00
2400.0 1500.0 5.0563694474e-21 1.5461949032e+00
2400.0 1550.0 4.8067236800e-21 1.4698553443e+00
2400.0 1600.0 4.5745898398e-21 1.3988707843e+00
2400.0 1650.0 4.3582169238e-21 1.3327057813e+00
2400.0 1700.0 4.1560954915e-21 1.2708987611e+00
2400.0 1750.0 3.9669155070e-21 1.2130491259e+00
2400.0 1800.0 3.7895326977e-21 1.1588069669e+00
2400.0 1850.0 3.6229415532e-21 1.1078648074e+00
2400.0 1900.0 3.4662535253e-21 1.0599509371e+00
2400.0 1950.0 3.3186793165e-21 1.0148239953e+00
2400.0 2000.0 3.1795144017e-21 9.7226854440e-01
2400.0 2050.0 3.0481271166e-21 9.3209142666e-01
2400.0 2100.0 2.9239487958e-21 8.9411874912e-01
2400.0 2150.0 2.8064655578e-21 8.5819337107e-01
2400.0 2200.0 2.6952114169e-21 8.2417279813e-01
2400.0 2250.0 2.5897624758e-21 7.9192740606e-01
2400.0 2300.0 2.4897319977e-21 7.6133893403e-01
2400.0 2350.0 2.3947662023e-21 7.3229919903e-01
2400.0 2400.0 2.3045406589e-21 7.0470899290e-01
2400.0 2450.0 2.2187571758e-21 6.7847713116e-01
2400.0 2500.0 2.1371411040e-21 6.5351962844e-01
2450.0 300.0 4.7602736355e-20 1.4259441449e+01
2450.0 350.0 4.0607827199e-20 1.2164110273e+01
2450.0 400.0 3.4727335056e-20 1.0402603691e+01
2450.0 450.0 2.9879468621e-20 8.9504210461e+00
2450.0 500.0 2.5901227734e-20 7.7587354973e+00
2450.0 550.0 2.2633204605e-20 6.7797963011e+00
2450.0 600.0 1.9939195422e-20 5.9728034864e+00
2450.0 650.0 1.7707393490e-20 5.3042652591e+00
2450.0 700.0 1.5847322101e-20 4.7470792421e+00
2450.0 750.0 1.4286281867e-20 4.2794682702e+00
2450.0 800.0 1.2966146906e-20 3.8840206842e+00
2450.0 850.0 1.1840623168e-20 3.5468690606e+00
2450.0 900.0 1.0872941320e-20 3.2569991141e+00
2450.0 950.0 1.0033939376e-20 3.0056753455e+00
2450.0 1000.0 9.3004900143e-21 2.7859699454e+00
2450.0 1050.0 8.6542273743e-21 2.5923814045e+00
2450.0 1100.0 8.0805283808e-21 2.4205293676e+00
2450.0 1150.0 7.5677056984e-21 2.2669128830e+00
2450.0 1200.0 7.1063732561e-21 2.1287203451e+00
2450.0 1250.0 6.6889502369e-21 2.0036809134e+00
2450.0 1300.0 6.3092747518e-21 1.8899487886e+00
2450.0 1350.0 5.9623035588e-21 1.7860132633e+00
2450.0 1400.0 5.6438788010e-21 1.6906288476e+00
2450.0 1450.0 5.3505466857e-21 1.6027609551e+00
2450.0 1500.0 5.0794162974e-21 1.5215436093e+00
2450.0 1550.0 4.8280493703e-21 1.4462464257e+00
2450.0 1600.0 4.5943739397e-21 1.3762487454e+00
2450.0 1650.0 4.3766164222e-21 1.3110192900e+00
2450.0 1700.0 4.1732479471e-21 1.2501000848e+00
2450.0 1750.0 3.9829417322e-21 1.1930936911e+00
2450.0 1800.0 3.8045390472e-21 1.1396530103e+00
2450.0 1850.0 3.6370218784e-21 1.0894730953e+00
2450.0 1900.0 3.4794908441e-21 1.0422845358e+00
2450.0 1950.0 3.3311472433e-21 9.9784807999e-01
2450.0 2000.0 3.1912783720e-21 9.5595023683e-01
2450.0 2050.0 3.0592454380e-21 9.1639965560e-01
2450.0 2100.0 2.9344735520e-21 8.7902412764e-01
2450.0 2150.0 2.8164433854e-21 8.4366808767e-01
2450.0 2200.0 2.7046841767e-21 8.1019051863e-01
2450.0 2250.0 2.5987678313e-21 7.7846318442e-01
2450.0 2300.0 2.4983039160e-21 7.4836913043e-01
2450.0 2350.0 2.4029353883e-21 7.1980140425e-01
2450.0 2400.0 2.3123349319e-21 6.9266195804e-01
2450.0 2450.0 2.2262017975e-21 6.6686070206e-01
2450.0 2500.0 2.1442590640e-21 6.4231468433e-01
2500.0 300.0 4.7740491170e-20 1.4014691904e+01
2500.0 350.0 4.0803531696e-20 1.1978279052e+01
2500.0 400.0 3.4937245417e-20 1.0256172874e+01
2500.0 450.0 3.0082360278e-20 8.8309734717e+00
2500.0 500.0 2.6088129351e-20 7.6584276000e+00
2500.0 550.0 2.2801337077e-20 6.6935573201e+00
2500.0 600.0 2.0088699386e-20 5.8972357794e+00
2500.0 650.0 1.7839654081e-20 5.2370063544e+00
2500.0 700.0 1.5964148147e-20 4.6864330950e+00
2500.0 750.0 1.4389523767e-20 4.2241865824e+00
2500.0 800.0 1.3057532737e-20 3.8331674822e+00
2500.0 850.0 1.1921699970e-20 3.4997325742e+00
2500.0 900.0 1.0945064977e-20 3.2130317422e+00
2500.0 950.0 1.0098285410e-20 2.9644512512e+00
2500.0 1000.0 9.3580721160e-21 2.7471543402e+00
2500.0 1050.0 8.7059175952e-21 2.5557079504e+00
2500.0 1100.0 8.1270763846e-21 2.3857834057e+00
2500.0 1150.0 7.6097560884e-21 2.2339189320e+00
2500.0 1200.0 7.1444807409e-21 2.0973327661e+00
2500.0 1250.0 6.7235927138e-21 1.9737769358e+00
2500.0 1300.0 6.3408645112e-21 1.8614232982e+00
2500.0 1350.0 5.9911968426e-21 1.7587749064e+00
2500.0 1400.0 5.6703839414e-21 1.6645971160e+00
2500.0 1450.0 5.3749310299e-21 1.5778640006e+00
2500.0 1500.0 5.1019120974e-21 1.4977166010e+00
2500.0 1550.0 4.8488587939e-21 1.4234303087e+00
2500.0 1600.0 4.6136733338e-21 1.3543892980e+00
2500.0 1650.0 4.3945599431e-21 1.2900664017e+00
2500.0 1700.0 4.1899706530e-21 1.2300071983e+00
2500.0 1750.0 3.9985622192e-21 1.1738173653e+00
2500.0 1800.0 3.8191616990e-21 1.1211525737e+00
2500.0 1850.0 3.6507387875e-21 1.0717103673e+00
2500.0 1900.0 3.4923834542e-21 1.0252235979e+00
2500.0 1950.0 3.3432877552e-21 9.8145508537e-01
2500.0 2000.0 3.2027309487e-21 9.4019324891e-01
2500.0 2050.0 3.0700672387e-21 9.0124850879e-01
2500.0 2100.0 2.9447156209e-21 8.6445030541e-01
2500.0 2150.0 2.8261514167e-21 8.2964461421e-01
2500.0 2200.0 2.7138991738e-21 7.9669186153e-01
2500.0 2250.0 2.6075266767e-21 7.6546516616e-01
2500.0 2300.0 2.5066398636e-21 7.3584884742e-01
2500.0 2350.0 2.4108784901e-21 7.0773715204e-01
2500.0 2400.0 2.3199124089e-21 6.8103316198e-01
2500.0 2450.0 2.2334383616e-21 6.5564785275e-01
2500.0 2500.0 2.1511771986e-21 6.3149927725e-01
