# kappa_P per unit number density [cm^2/molecule] and at 1 atm [1/(m*atm)]
# rows: T_gas [K]; cols: T_radiation [K]
# T_grid 300.0 2500.0 50.0
# columns T_gas T_rad kappaP_cm2_per_molecule kappaP_per_m_atm
300.0 300.0 1.0756050218e-20 2.6312871635e+01
300.0 350.0 1.1934693774e-20 2.9196225278e+01
300.0 400.0 1.4286319321e-20 3.4949082499e+01
300.0 450.0 1.7534784391e-20 4.2895907092e+01
300.0 500.0 2.1153459849e-20 5.1748389266e+01
300.0 550.0 2.4657512200e-20 6.0320465244e+01
300.0 600.0 2.7716942576e-20 6.7804848185e+01
300.0 650.0 3.0161624456e-20 7.3785352105e+01
300.0 700.0 3.1943557011e-20 7.8144551034e+01
300.0 750.0 3.3092718433e-20 8.0955781584e+01
300.0 800.0 3.3681013543e-20 8.2394946836e+01
300.0 850.0 3.3797352861e-20 8.2679551452e+01
300.0 900.0 3.3532338797e-20 8.2031239023e+01
300.0 950.0 3.2969905469e-20 8.0655340281e+01
300.0 1000.0 3.2183493118e-20 7.8731514450e+01
300.0 1050.0 3.1234945725e-20 7.6411052452e+01
300.0 1100.0 3.0174908419e-20 7.3817849091e+01
300.0 1150.0 2.9043954596e-20 7.1051160375e+01
300.0 1200.0 2.7873986540e-20 6.8189029885e+01
300.0 1250.0 2.6689656501e-20 6.5291765215e+01
300.0 1300.0 2.5509680339e-20 6.2405151575e+01
300.0 1350.0 2.4347989390e-20 5.9563269639e+01
300.0 1400.0 2.3214707266e-20 5.6790885125e+01
300.0 1450.0 2.2116959638e-20 5.4105429792e+01
300.0 1500.0 2.1059534792e-20 5.1518617377e+01
300.0 1550.0 2.0045416031e-20 4.9037746031e+01
300.0 1600.0 1.9076206818e-20 4.6666738357e+01
300.0 1650.0 1.8152467731e-20 4.4406965714e+01
300.0 1700.0 1.7273981817e-20 4.2257897366e+01
300.0 1750.0 1.6439962369e-20 4.0217608762e+01
300.0 1800.0 1.5649214707e-20 3.8283177320e+01
300.0 1850.0 1.4900261441e-20 3.6450988854e+01
300.0 1900.0 1.4191438857e-20 3.4716973366e+01
300.0 1950.0 1.3520970555e-20 3.3076785192e+01
300.0 2000.0 1.2887023235e-20 3.1525939473e+01
300.0 2050.0 1.2287748516e-20 3.0059914450e+01
300.0 2100.0 1.1721313852e-20 2.8674227113e+01
300.0 2150.0 1.1185924993e-20 2.7364488125e+01
300.0 2200.0 1.0679841882e-20 2.6126440731e+01
300.0 2250.0 1.0201389507e-20 2.4955987296e+01
300.0 2300.0 9.7489648859e-21 2.3849206392e+01
300.0 2350.0 9.3210411013e-21 2.2802362673e+01
300.0 2400.0 8.9161691209e-21 2.1811911324e+01
300.0 2450.0 8.5329779576e-21 2.0874498455e+01
300.0 2500.0 8.1701736133e-21 1.9986958517e+01
350.0 300.0 1.0761602478e-20 2.2565532263e+01
350.0 350.0 1.1949243035e-20 2.5055843660e+01
350.0 400.0 1.4310182114e-20 3.0006393270e+01
350.0 450.0 1.7566638701e-20 3.6834714270e+01
350.0 500.0 2.1191059661e-20 4.4434603625e+01
350.0 550.0 2.4698420153e-20 5.1789034017e+01
350.0 600.0 2.7759000180e-20 5.8206630047e+01
350.0 650.0 3.0203152585e-20 6.3331666031e+01
350.0 700.0 3.1983378146e-20 6.7064542934e+01
350.0 750.0 3.3130090380e-20 6.9469033527e+01
350.0 800.0 3.3715533896e-20 7.0696624359e+01
350.0 850.0 3.3828865435e-20 7.0934264293e+01
350.0 900.0 3.3560854993e-20 7.0372284952e+01
350.0 950.0 3.2995543592e-20 6.9186908267e+01
350.0 1000.0 3.2206434150e-20 6.7532259287e+01
350.0 1050.0 3.1255402505e-20 6.5538082740e+01
350.0 1100.0 3.0193105004e-20 6.3310597700e+01
350.0 1150.0 2.9060113037e-20 6.0934876534e+01
350.0 1200.0 2.7888318858e-20 5.8477792711e+01
350.0 1250.0 2.6702360223e-20 5.5991008062e+01
350.0 1300.0 2.5520936396e-20 5.3513732253e+01
350.0 1350.0 2.4357961534e-20 5.1075141271e+01
350.0 1400.0 2.3223542435e-20 4.8696427614e+01
350.0 1450.0 2.2124788864e-20 4.6392499440e+01
350.0 1500.0 2.1066474406e-20 4.4173366266e+01
350.0 1550.0 2.0051568983e-20 4.2045255596e+01
350.0 1600.0 1.9081664022e-20 4.0011504420e+01
350.0 1650.0 1.8157309354e-20 3.8073265657e+01
350.0 1700.0 1.7278278493e-20 3.6230064396e+01
350.0 1750.0 1.6443776304e-20 3.4480233355e+01
350.0 1800.0 1.5652600685e-20 3.2821251898e+01
350.0 1850.0 1.4903267719e-20 3.1250008466e+01
350.0 1900.0 1.4194107962e-20 2.9763002473e+01
350.0 1950.0 1.3523339988e-20 2.8356498525e+01
350.0 2000.0 1.2889126088e-20 2.7026643214e+01
350.0 2050.0 1.2289614016e-20 2.5769552643e+01
350.0 2100.0 1.1722967836e-20 2.4581377119e+01
350.0 2150.0 1.1187390323e-20 2.3458348121e+01
350.0 2200.0 1.0681138808e-20 2.2396811522e+01
350.0 2250.0 1.0202535985e-20 2.1393250253e+01
350.0 2300.0 9.7499768532e-21 2.0444298857e+01
350.0 2350.0 9.3219327201e-21 1.9546751887e+01
350.0 2400.0 8.9169529883e-21 1.8697567649e+01
350.0 2450.0 8.5336652904e-21 1.7893868485e+01
350.0 2500.0 8.1707744099e-21 1.7132938513e+01
400.0 300.0 1.0768416486e-20 1.9757342726e+01
400.0 350.0 1.1966110933e-20 2.1954811565e+01
400.0 400.0 1.4337343041e-20 2.6305427599e+01
400.0 450.0 1.7602506432e-20 3.2296183274e+01
400.0 500.0 2.1233048934e-20 3.8957317953e+01
400.0 550.0 2.4743775114e-20 4.5398619739e+01
400.0 600.0 2.7805314889e-20 5.1015777164e+01
400.0 650.0 3.0248583586e-20 5.5498562268e+01
400.0 700.0 3.2026657364e-20 5.8760881575e+01
400.0 750.0 3.3170441489e-20 6.0859438497e+01
400.0 800.0 3.3752559077e-20 6.1927478234e+01
400.0 850.0 3.3862437070e-20 6.2129076785e+01
400.0 900.0 3.3591026030e-20 6.1631105617e+01
400.0 950.0 3.3022479295e-20 6.0587964993e+01
400.0 1000.0 3.2230363021e-20 5.9134630352e+01
400.0 1050.0 3.1276582568e-20 5.7384682499e+01
400.0 1100.0 3.0211801630e-20 5.5431076606e+01
400.0 1150.0 2.9076585061e-20 5.3348238998e+01
400.0 1200.0 2.7902810440e-20 5.1194657039e+01
400.0 1250.0 2.6715096585e-20 4.9015500083e+01
400.0 1300.0 2.5532122086e-20 4.6845038656e+01
400.0 1350.0 2.4367780285e-20 4.4708763556e+01
400.0 1400.0 2.3232157977e-20 4.2625181521e+01
400.0 1450.0 2.2132346273e-20 4.0607302959e+01
400.0 1500.0 2.1073101700e-20 3.8663854905e+01
400.0 1550.0 2.0057378807e-20 3.6800258215e+01
400.0 1600.0 1.9086755295e-20 3.5019407576e+01
400.0 1650.0 1.8161768835e-20 3.3322289478e+01
400.0 1700.0 1.7282182219e-20 3.1708468704e+01
400.0 1750.0 1.6447190895e-20 3.0176469104e+01
400.0 1800.0 1.5655584512e-20 2.8724069985e+01
400.0 1850.0 1.4905871941e-20 2.7348535500e+01
400.0 1900.0 1.4196377434e-20 2.6046791076e+01
400.0 1950.0 1.3525314067e-20 2.4815558149e+01
400.0 2000.0 1.2890839330e-20 2.3651456181e+01
400.0 2050.0 1.2291096787e-20 2.2551079075e+01
400.0 2100.0 1.1724246844e-20 2.1511051639e+01
400.0 2150.0 1.1188489082e-20 2.0528070553e+01
400.0 2200.0 1.0682078037e-20 1.9598933331e+01
400.0 2250.0 1.0203333960e-20 1.8720558056e+01
400.0 2300.0 9.7506497120e-21 1.7889996027e+01
400.0 2350.0 9.3224947239e-21 1.7104439038e+01
400.0 2400.0 8.9174167539e-21 1.6361222586e+01
400.0 2450.0 8.5340419899e-21 1.5657826074e+01
400.0 2500.0 8.1710739455e-21 1.4991870772e+01
450.0 300.0 1.0776224435e-20 1.7574816313e+01
450.0 350.0 1.1984776989e-20 1.9545830306e+01
450.0 400.0 1.4366949291e-20 2.3430886792e+01
450.0 450.0 1.7641178066e-20 2.8770787574e+01
450.0 500.0 2.1277887666e-20 3.4701854024e+01
450.0 550.0 2.4791764844e-20 4.0432594538e+01
450.0 600.0 2.7853873581e-20 4.5426551271e+01
450.0 650.0 3.0295774362e-20 4.9409018223e+01
450.0 700.0 3.2071184442e-20 5.2304513415e+01
450.0 750.0 3.3211546049e-20 5.4164315602e+01
450.0 800.0 3.3789887930e-20 5.5107526501e+01
450.0 850.0 3.3895920649e-20 5.5280454001e+01
450.0 900.0 3.3620779412e-20 5.4831729429e+01
450.0 950.0 3.3048728137e-20 5.3898777806e+01
450.0 1000.0 3.2253391231e-20 5.2601672301e+01
450.0 1050.0 3.1296697080e-20 5.1041411184e+01
450.0 1100.0 3.0229309814e-20 4.9300621982e+01
450.0 1150.0 2.9091781056e-20 4.7445439856e+01
450.0 1200.0 2.7915967588e-20 4.5527819649e+01
450.0 1250.0 2.6726463876e-20 4.3587872187e+01
450.0 1300.0 2.5541923172e-20 4.1656018837e+01
450.0 1350.0 2.4376214055e-20 3.9754877696e+01
450.0 1400.0 2.3239400019e-20 3.7900861201e+01
450.0 1450.0 2.2138550798e-20 3.6105499293e+01
450.0 1500.0 2.1078403633e-20 3.4376517887e+01
450.0 1550.0 2.0061895889e-20 3.2718707491e+01
450.0 1600.0 1.9090590081e-20 3.1134616398e+01
450.0 1650.0 1.8165010551e-20 2.9625099745e+01
450.0 1700.0 1.7284908436e-20 2.8189751669e+01
450.0 1750.0 1.6449469034e-20 2.6827243481e+01
450.0 1800.0 1.5657473168e-20 2.5535586840e+01
450.0 1850.0 1.4907422050e-20 2.4312337389e+01
450.0 1900.0 1.4197633292e-20 2.3154751341e+01
450.0 1950.0 1.3526314208e-20 2.2059905029e+01
450.0 2000.0 1.2891617302e-20 2.1024785391e+01
450.0 2050.0 1.2291681811e-20 2.0046357732e+01
450.0 2100.0 1.1724664392e-20 1.9121615764e+01
450.0 2150.0 1.1188761370e-20 1.8247617896e+01
450.0 2200.0 1.0682224458e-20 1.7421512868e+01
450.0 2250.0 1.0203371451e-20 1.6640557193e+01
450.0 2300.0 9.7505930770e-21 1.5902126326e+01
450.0 2350.0 9.3223569092e-21 1.5203721051e+01
450.0 2400.0 8.9172090876e-21 1.4542970285e+01
450.0 2450.0 8.5337743895e-21 1.3917631195e+01
450.0 2500.0 8.1707550972e-21 1.3325587347e+01
500.0 300.0 1.0784720834e-20 1.5829805690e+01
500.0 350.0 1.2004741063e-20 1.7620550529e+01
500.0 400.0 1.4398262733e-20 2.1133759960e+01
500.0 450.0 1.7681670081e-20 2.5953142968e+01
500.0 500.0 2.1324372245e-20 3.1299898655e+01
500.0 550.0 2.4841010727e-20 3.6461618156e+01
500.0 600.0 2.7903174575e-20 4.0956260109e+01
500.0 650.0 3.0343150037e-20 4.4537654384e+01
500.0 700.0 3.2115354336e-20 4.7138894613e+01
500.0 750.0 3.3251803324e-20 4.8806973643e+01
500.0 800.0 3.3825950061e-20 4.9649705822e+01
500.0 850.0 3.3927794712e-20 4.9799193329e+01
500.0 900.0 3.3648655075e-20 4.9389472365e+01
500.0 950.0 3.3072899087e-20 4.8544378128e+01
500.0 1000.0 3.2274200767e-20 4.7372049294e+01
500.0 1050.0 3.1314502347e-20 4.5963404624e+01
500.0 1100.0 3.0244459560e-20 4.4392796572e+01
500.0 1150.0 2.9104602795e-20 4.2719715609e+01
500.0 1200.0 2.7926761037e-20 4.0990880301e+01
500.0 1250.0 2.6735498459e-20 3.9242345923e+01
500.0 1300.0 2.5549438018e-20 3.7501447239e+01
500.0 1350.0 2.4382419463e-20 3.5788498220e+01
500.0 1400.0 2.3244479698e-20 3.4118231030e+01
500.0 1450.0 2.2142664439e-20 3.2500987364e+01
500.0 1500.0 2.1081689557e-20 3.0943689174e+01
500.0 1550.0 2.0064473589e-20 2.9450620289e+01
500.0 1600.0 1.9092562601e-20 2.8024050021e+01
500.0 1650.0 1.8166466630e-20 2.6664727003e+01
500.0 1700.0 1.7285924432e-20 2.5372267781e+01
500.0 1750.0 1.6450110613e-20 2.4145460843e+01
500.0 1800.0 1.5657796786e-20 2.2982503162e+01
500.0 1850.0 1.4907476234e-20 2.1881183180e+01
500.0 1900.0 1.4197459752e-20 2.0839021486e+01
500.0 1950.0 1.3525948801e-20 1.9853378182e+01
500.0 2000.0 1.2891090849e-20 1.8921534124e+01
500.0 2050.0 1.2291020807e-20 1.8040751737e+01
500.0 2100.0 1.1723891614e-20 1.7208319905e+01
500.0 2150.0 1.1187896398e-20 1.6421586502e+01
500.0 2200.0 1.0681284121e-20 1.5677981356e+01
500.0 2250.0 1.0202370210e-20 1.4975031852e+01
500.0 2300.0 9.7495433507e-21 1.4310372906e+01
500.0 2350.0 9.3212693599e-21 1.3681752642e+01
500.0 2400.0 8.9160928607e-21 1.3087034860e+01
500.0 2450.0 8.5326373217e-21 1.2524199088e+01
500.0 2500.0 8.1696038951e-21 1.1991338879e+01
550.0 300.0 1.0793611204e-20 1.4402595427e+01
550.0 350.0 1.2025563467e-20 1.6046466944e+01
550.0 400.0 1.4430681265e-20 1.9255767145e+01
550.0 450.0 1.7723222522e-20 2.3649212374e+01
550.0 500.0 2.1371608580e-20 2.8517483740e+01
550.0 550.0 2.4890518703e-20 3.3212987208e+01
550.0 600.0 2.7952160181e-20 3.7298328315e+01
550.0 650.0 3.0389622392e-20 4.0550787703e+01
550.0 700.0 3.2158075630e-20 4.2910546272e+01
550.0 750.0 3.3290139663e-20 4.4421130631e+01
550.0 800.0 3.3859704643e-20 4.5181137067e+01
550.0 850.0 3.3957061354e-20 4.5311046259e+01
550.0 900.0 3.3673704199e-20 4.4932944955e+01
550.0 950.0 3.3094095602e-20 4.4159536689e+01
550.0 1000.0 3.2291948389e-20 4.3089181128e+01
550.0 1050.0 3.1329207926e-20 4.1804535876e+01
550.0 1100.0 3.0256511696e-20 4.0373169716e+01
550.0 1150.0 2.9114360177e-20 3.8849124989e+01
550.0 1200.0 2.7934547181e-20 3.7274826180e+01
550.0 1250.0 2.6741600438e-20 3.5683002185e+01
550.0 1300.0 2.5554107594e-20 3.4098455672e+01
550.0 1350.0 2.4385875530e-20 3.2539610029e+01
550.0 1400.0 2.3246911353e-20 3.1019818374e+01
550.0 1450.0 2.2144234253e-20 2.9548446851e+01
550.0 1500.0 2.1082536785e-20 2.8131757033e+01
550.0 1550.0 2.0064717186e-20 2.6773616219e+01
550.0 1600.0 1.9092303959e-20 2.5476063987e+01
550.0 1650.0 1.8165792026e-20 2.4239760745e+01
550.0 1700.0 1.7284907183e-20 2.3064340604e+01
550.0 1750.0 1.6448812952e-20 2.1948687396e+01
550.0 1800.0 1.5656271479e-20 2.0891149380e+01
550.0 1850.0 1.4905767983e-20 1.9889705283e+01
550.0 1900.0 1.4195606388e-20 1.8942091926e+01
550.0 1950.0 1.3523982302e-20 1.8045901597e+01
550.0 2000.0 1.2889038219e-20 1.7198655705e+01
550.0 2050.0 1.2288904813e-20 1.6397859893e+01
550.0 2100.0 1.1721731422e-20 1.5641044705e+01
550.0 2150.0 1.1185708106e-20 1.4925795025e+01
550.0 2200.0 1.0679081219e-20 1.4249770853e+01
550.0 2250.0 1.0200163970e-20 1.3610721396e+01
550.0 2300.0 9.7473431566e-21 1.3006494056e+01
550.0 2350.0 9.3190829874e-21 1.2435039532e+01
550.0 2400.0 8.9139267188e-21 1.1894413998e+01
550.0 2450.0 8.5304966565e-21 1.1382779110e+01
550.0 2500.0 8.1674929640e-21 1.0898400414e+01
600.0 300.0 1.0802640410e-20 1.3213423360e+01
600.0 350.0 1.2046881242e-20 1.4735336545e+01
600.0 400.0 1.4463733277e-20 1.7691547983e+01
600.0 450.0 1.7765267027e-20 2.1729872089e+01
600.0 500.0 2.1418953623e-20 2.6198937612e+01
600.0 550.0 2.4939597243e-20 3.0505269480e+01
600.0 600.0 2.8000115577e-20 3.4248791704e+01
600.0 650.0 3.0434474554e-20 3.7226417039e+01
600.0 700.0 3.2198645670e-20 3.9384291313e+01
600.0 750.0 3.3325878089e-20 4.0763083776e+01
600.0 800.0 3.3890507755e-20 4.1453719633e+01
600.0 850.0 3.3983113883e-20 4.1566992307e+01
600.0 900.0 3.3695359127e-20 4.1215020449e+01
600.0 950.0 3.3111789196e-20 4.0501217503e+01
600.0 1000.0 3.2306143797e-20 3.9515779375e+01
600.0 1050.0 3.1340360016e-20 3.8334465411e+01
600.0 1100.0 3.0265046815e-20 3.7019178774e+01
600.0 1150.0 2.9120665896e-20 3.5619410848e+01
600.0 1200.0 2.7938968448e-20 3.4173998608e+01
600.0 1250.0 2.6744439652e-20 3.2712891500e+01
600.0 1300.0 2.5555626915e-20 3.1258776081e+01
600.0 1350.0 2.4386300337e-20 2.9828495470e+01
600.0 1400.0 2.3246434169e-20 2.8434249835e+01
600.0 1450.0 2.2143018714e-20 2.7084589473e+01
600.0 1500.0 2.1080721419e-20 2.5785223451e+01
600.0 1550.0 2.0062418881e-20 2.4539670325e+01
600.0 1600.0 1.9089621072e-20 2.3349777039e+01
600.0 1650.0 1.8162807114e-20 2.2216129640e+01
600.0 1700.0 1.7281689380e-20 2.1138376313e+01
600.0 1750.0 1.6445420019e-20 2.0115479993e+01
600.0 1800.0 1.5652751561e-20 1.9145914821e+01
600.0 1850.0 1.4902161104e-20 1.8227818030e+01
600.0 1900.0 1.4191945724e-20 1.7359106666e+01
600.0 1950.0 1.3520295261e-20 1.6537566599e+01
600.0 2000.0 1.2885347349e-20 1.5760919849e+01
600.0 2050.0 1.2285228579e-20 1.5026874924e+01
600.0 2100.0 1.1718084852e-20 1.4333163952e+01
600.0 2150.0 1.1182103342e-20 1.3677569548e+01
600.0 2200.0 1.0675527980e-20 1.3057943747e+01
600.0 2250.0 1.0196669944e-20 1.2472220839e+01
600.0 2300.0 9.7439143283e-21 1.1918425525e+01
600.0 2350.0 9.3157239172e-21 1.1394677537e+01
600.0 2400.0 8.9106407776e-21 1.0899193580e+01
600.0 2450.0 8.5272862234e-21 1.0430287291e+01
600.0 2500.0 8.1643595929e-21 9.9863677462e+00
650.0 300.0 1.0811605662e-20 1.2207128633e+01
650.0 350.0 1.2068411024e-20 1.3626157887e+01
650.0 400.0 1.4497063303e-20 1.6368291821e+01
650.0 450.0 1.7807392014e-20 2.0105905794e+01
650.0 500.0 2.1465960196e-20 2.4236708731e+01
650.0 550.0 2.4987784221e-20 2.8213117067e+01
650.0 600.0 2.8046581285e-20 3.1666732598e+01
650.0 650.0 3.0477262907e-20 3.4411157816e+01
650.0 700.0 3.2236645515e-20 3.6397635170e+01
650.0 750.0 3.3358629428e-20 3.7664440710e+01
650.0 800.0 3.3918002232e-20 3.8296015333e+01
650.0 850.0 3.4005627376e-20 3.8394950815e+01
650.0 900.0 3.3713326101e-20 3.8064920348e+01
650.0 950.0 3.3125715414e-20 3.7401462997e+01
650.0 1000.0 3.2316549561e-20 3.6487852942e+01
650.0 1050.0 3.1347745784e-20 3.5393999476e+01
650.0 1100.0 3.0269874258e-20 3.4177000190e+01
650.0 1150.0 2.9123349146e-20 3.2882485762e+01
650.0 1200.0 2.7939871734e-20 3.1546249364e+01
650.0 1250.0 2.6743878730e-20 3.0195881907e+01
650.0 1300.0 2.5553872566e-20 2.8852274050e+01
650.0 1350.0 2.4383582842e-20 2.7530927559e+01
650.0 1400.0 2.3242948067e-20 2.6243063772e+01
650.0 1450.0 2.2138927459e-20 2.4996540175e+01
650.0 1500.0 2.1076161715e-20 2.3796596470e+01
650.0 1550.0 2.0057504589e-20 2.2646454765e+01
650.0 1600.0 1.9084446663e-20 2.1547798041e+01
650.0 1650.0 1.8157450679e-20 2.0501148766e+01
650.0 1700.0 1.7276215214e-20 1.9506166614e+01
650.0 1750.0 1.6439880837e-20 1.8561881219e+01
650.0 1800.0 1.5647190377e-20 1.7666873140e+01
650.0 1850.0 1.4896612816e-20 1.6819413742e+01
650.0 1900.0 1.4186438463e-20 1.6017572650e+01
650.0 1950.0 1.3514851512e-20 1.5259299684e+01
650.0 2000.0 1.2879984901e-20 1.4542486786e+01
650.0 2050.0 1.2279961318e-20 1.3865014328e+01
650.0 2100.0 1.1712923426e-20 1.3224785235e+01
650.0 2150.0 1.1177055722e-20 1.2619749665e+01
650.0 2200.0 1.0670599921e-20 1.2047922381e+01
650.0 2250.0 1.0191865377e-20 1.1507394513e+01
650.0 2300.0 9.7392356866e-21 1.0996341018e+01
650.0 2350.0 9.3111724085e-21 1.0513024880e+01
650.0 2400.0 8.9062166114e-21 1.0055798852e+01
650.0 2450.0 8.5229888006e-21 9.6231053811e+00
650.0 2500.0 8.1601876651e-21 9.2134751867e+00
700.0 300.0 1.0820356381e-20 1.1344365373e+01
700.0 350.0 1.2089941168e-20 1.2675433703e+01
700.0 400.0 1.4530411631e-20 1.5234091443e+01
700.0 450.0 1.7849307462e-20 1.8713714999e+01
700.0 500.0 2.1512327026e-20 2.2554127535e+01
700.0 550.0 2.5034783900e-20 2.6247170203e+01
700.0 600.0 2.8091279689e-20 2.9451686189e+01
700.0 650.0 3.0517735957e-20 3.1995651054e+01
700.0 700.0 3.2271853828e-20 3.3834717471e+01
700.0 750.0 3.3388203534e-20 3.5005129840e+01
700.0 800.0 3.3942028122e-20 3.5585775084e+01
700.0 850.0 3.4024469859e-20 3.5672209316e+01
700.0 900.0 3.3727498278e-20 3.5360855973e+01
700.0 950.0 3.3135789474e-20 3.4740491853e+01
700.0 1000.0 3.2323099943e-20 3.3888445336e+01
700.0 1050.0 3.1351315700e-20 3.2869599457e+01
700.0 1100.0 3.0270958144e-20 3.1736922267e+01
700.0 1150.0 2.9122385431e-20 3.0532726393e+01
700.0 1200.0 2.7937241961e-20 2.9290188710e+01
700.0 1250.0 2.6739910322e-20 2.8034872609e+01
700.0 1300.0 2.5548843497e-20 2.6786124715e+01
700.0 1350.0 2.4377727083e-20 2.5558293391e+01
700.0 1400.0 2.3236461162e-20 2.4361758163e+01
700.0 1450.0 2.2131971838e-20 2.3203780551e+01
700.0 1500.0 2.1068871552e-20 2.2089196368e+01
700.0 1550.0 2.0049990135e-20 2.1020972490e+01
700.0 1600.0 1.9076798028e-20 2.0000650566e+01
700.0 1650.0 1.8149741090e-20 1.9028698048e+01
700.0 1700.0 1.7268503808e-20 1.8104784144e+01
700.0 1750.0 1.6432215017e-20 1.7227995500e+01
700.0 1800.0 1.5639607809e-20 1.6397003853e+01
700.0 1850.0 1.4889143105e-20 1.5610195591e+01
700.0 1900.0 1.4179104549e-20 1.4865771237e+01
700.0 1950.0 1.3507670848e-20 1.4161821296e+01
700.0 2000.0 1.2872970426e-20 1.3496383557e+01
700.0 2050.0 1.2273122271e-20 1.2867485913e+01
700.0 2100.0 1.1706266024e-20 1.2273177912e+01
700.0 2150.0 1.1170583721e-20 1.1711553547e+01
700.0 2200.0 1.0664315083e-20 1.1180767295e+01
700.0 2250.0 1.0185767856e-20 1.0679044949e+01
700.0 2300.0 9.7333243504e-21 1.0204690477e+01
700.0 2350.0 9.3054451039e-21 9.7560898640e+00
700.0 2400.0 8.9006703827e-21 9.3317126838e+00
700.0 2450.0 8.5176200717e-21 8.9301119849e+00
700.0 2500.0 8.1549923878e-21 8.5499229417e+00
750.0 300.0 1.0828789158e-20 1.0596326097e+01
750.0 350.0 1.2111321362e-20 1.1851326011e+01
750.0 400.0 1.4563595775e-20 1.4250957123e+01
750.0 450.0 1.7890816866e-20 1.7506752315e+01
750.0 500.0 2.1557861248e-20 2.1095075767e+01
750.0 550.0 2.5080421137e-20 2.4542016393e+01
750.0 600.0 2.8134062597e-20 2.7530104924e+01
750.0 650.0 3.0555777087e-20 2.9899832146e+01
750.0 700.0 3.2304186556e-20 3.1610708276e+01
750.0 750.0 3.3414547410e-20 3.2697232865e+01
750.0 800.0 3.3962560497e-20 3.3233481683e+01
750.0 850.0 3.4039640770e-20 3.3308907263e+01
750.0 900.0 3.3737895569e-20 3.3013639666e+01
750.0 950.0 3.3142048018e-20 3.2430583254e+01
750.0 1000.0 3.2325844889e-20 3.1631901666e+01
750.0 1050.0 3.1351129999e-20 3.0678111112e+01
750.0 1100.0 3.0268366410e-20 2.9618591353e+01
750.0 1150.0 2.9117848222e-20 2.8492771492e+01
750.0 1200.0 2.7931156334e-20 2.7331554477e+01
750.0 1250.0 2.6732613911e-20 2.6158741324e+01
750.0 1300.0 2.5540620287e-20 2.4992336386e+01
750.0 1350.0 2.4368813805e-20 2.3845685229e+01
750.0 1400.0 2.3227053632e-20 2.2728435375e+01
750.0 1450.0 2.2122230895e-20 2.1647330015e+01
750.0 1500.0 2.1058928419e-20 2.0606853595e+01
750.0 1550.0 2.0039951136e-20 1.9609750833e+01
750.0 1600.0 1.9066748681e-20 1.8657440245e+01
750.0 1650.0 1.8139749609e-20 1.7750341185e+01
750.0 1700.0 1.7258624068e-20 1.6888130884e+01
750.0 1750.0 1.6422489059e-20 1.6069945297e+01
750.0 1800.0 1.5630067937e-20 1.5294535185e+01
750.0 1850.0 1.4879813634e-20 1.4560386691e+01
750.0 1900.0 1.4170003266e-20 1.3865813916e+01
750.0 1950.0 1.3498810217e-20 1.3209029458e+01
750.0 2000.0 1.2864358596e-20 1.2588197694e+01
750.0 2050.0 1.2264763902e-20 1.2001474580e+01
750.0 2100.0 1.1698162973e-20 1.1447036948e+01
750.0 2150.0 1.1162735605e-20 1.0923103672e+01
750.0 2200.0 1.0656719750e-20 1.0427950526e+01
750.0 2250.0 1.0178421763e-20 9.9599202258e+00
750.0 2300.0 9.7262228778e-21 9.5174287545e+00
750.0 2350.0 9.2985828152e-21 9.0989688981e+00
750.0 2400.0 8.8940412340e-21 8.7031116650e+00
750.0 2450.0 8.5112175834e-21 8.3285061407e+00
750.0 2500.0 8.1488097846e-21 7.9738781984e+00
800.0 300.0 1.0836840116e-20 9.9414414602e+00
800.0 350.0 1.2132451267e-20 1.1130002173e+01
800.0 400.0 1.4596493816e-20 1.3390452128e+01
800.0 450.0 1.7931794474e-20 1.6450172110e+01
800.0 500.0 2.1602449611e-20 1.9817537761e+01
800.0 550.0 2.5124607243e-20 2.3048675578e+01
800.0 600.0 2.8174872850e-20 2.5846911654e+01
800.0 650.0 3.0591363109e-20 2.8063738348e+01
800.0 700.0 3.2333653564e-20 2.9662071292e+01
800.0 750.0 3.3437700931e-20 3.0674896263e+01
800.0 800.0 3.3979665083e-20 3.1172080390e+01
800.0 850.0 3.4051227142e-20 3.1237729602e+01
800.0 900.0 3.3744621867e-20 3.0956457722e+01
800.0 950.0 3.3144607709e-20 3.0406019996e+01
800.0 1000.0 3.2324910241e-20 2.9654050390e+01
800.0 1050.0 3.1347320650e-20 2.8757234567e+01
800.0 1100.0 3.0262234617e-20 2.7761804242e+01
800.0 1150.0 2.9109874608e-20 2.6704658483e+01
800.0 1200.0 2.7921751839e-20 2.5614704878e+01
800.0 1250.0 2.6722125093e-20 2.4514197816e+01
800.0 1300.0 2.5529336167e-20 2.3419963597e+01
800.0 1350.0 2.4356973140e-20 2.2344467578e+01
800.0 1400.0 2.3214851984e-20 2.1296714683e+01
800.0 1450.0 2.2109827147e-20 2.0282993006e+01
800.0 1500.0 2.1046450600e-20 1.9307478411e+01
800.0 1550.0 2.0027501510e-20 1.8372720436e+01
800.0 1600.0 1.9054408121e-20 1.7480029314e+01
800.0 1650.0 1.8127581318e-20 1.6629781981e+01
800.0 1700.0 1.7246676717e-20 1.5821662508e+01
800.0 1750.0 1.6410799414e-20 1.5054849933e+01
800.0 1800.0 1.5618663050e-20 1.4328164182e+01
800.0 1850.0 1.4868712665e-20 1.3640178776e+01
800.0 1900.0 1.4159218988e-20 1.2989307324e+01
800.0 1950.0 1.3488350259e-20 1.2373869418e+01
800.0 2000.0 1.2854226469e-20 1.1792140384e+01
800.0 2050.0 1.2254959843e-20 1.1242388424e+01
800.0 2100.0 1.1688684632e-20 1.0722901951e+01
800.0 2150.0 1.1153578618e-20 1.0232009305e+01
800.0 2200.0 1.0647878194e-20 9.7680926002e+00
800.0 2250.0 1.0169888542e-20 9.3295970516e+00
800.0 2300.0 9.7179900240e-21 8.9150368466e+00
800.0 2350.0 9.2906417420e-21 8.5229984034e+00
800.0 2400.0 8.8863829362e-21 8.1521416583e+00
800.0 2450.0 8.5038327999e-21 7.8011998944e+00
800.0 2500.0 8.1416891287e-21 7.4689785024e+00
850.0 300.0 1.0844476805e-20 9.3632443905e+00
850.0 350.0 1.2153269813e-20 1.0493271132e+01
850.0 400.0 1.4629030273e-20 1.2630870820e+01
850.0 450.0 1.7972167275e-20 1.5517373262e+01
850.0 500.0 2.1646036623e-20 1.8689433767e+01
850.0 550.0 2.5167314767e-20 2.1729745293e+01
850.0 600.0 2.8213716432e-20 2.4360043076e+01
850.0 650.0 3.0624534466e-20 2.6441570737e+01
850.0 700.0 3.2360327677e-20 2.7940274301e+01
850.0 750.0 3.3457765374e-20 2.8887814468e+01
850.0 800.0 3.3993466817e-20 2.9350345176e+01
850.0 850.0 3.4059372616e-20 2.9407248991e+01
850.0 900.0 3.3747834825e-20 2.9138263725e+01
850.0 950.0 3.3143636013e-20 2.8616591612e+01
850.0 1000.0 3.2320469673e-20 2.7905860448e+01
850.0 1050.0 3.1340064531e-20 2.7059367518e+01
850.0 1100.0 3.0252740412e-20 2.6120559529e+01
850.0 1150.0 2.9098641076e-20 2.5124097060e+01
850.0 1200.0 2.7909202302e-20 2.4097122119e+01
850.0 1250.0 2.6708613908e-20 2.3060520470e+01
850.0 1300.0 2.5515156565e-20 2.2030075850e+01
850.0 1350.0 2.4342365325e-20 2.1017474579e+01
850.0 1400.0 2.3200010877e-20 2.0031152780e+01
850.0 1450.0 2.2094909447e-20 1.9076995659e+01
850.0 1500.0 2.1031581040e-20 1.8158905841e+01
850.0 1550.0 2.0012778282e-20 1.7279259973e+01
850.0 1600.0 1.9039907511e-20 1.6439272304e+01
850.0 1650.0 1.8113361632e-20 1.5639282073e+01
850.0 1700.0 1.7232781570e-20 1.4878979250e+01
850.0 1750.0 1.6397260476e-20 1.4157580852e+01
850.0 1800.0 1.5605502320e-20 1.3473967872e+01
850.0 1850.0 1.4855944355e-20 1.2826791015e+01
850.0 1900.0 1.4146851071e-20 1.2214551823e+01
850.0 1950.0 1.3476385745e-20 1.1635664449e+01
850.0 2000.0 1.2842664447e-20 1.1088502285e+01
850.0 2050.0 1.2243796333e-20 1.0571432757e+01
850.0 2100.0 1.1677913288e-20 1.0082842911e+01
850.0 2150.0 1.1143191285e-20 9.6211578635e+00
850.0 2200.0 1.0637865377e-20 9.1848537379e+00
850.0 2250.0 1.0160239772e-20 8.7724663673e+00
850.0 2300.0 9.7086941609e-21 8.3825967608e+00
850.0 2350.0 9.2816872157e-21 8.0139141165e+00
850.0 2400.0 8.8777579390e-21 7.6651569932e+00
850.0 2450.0 8.4955254395e-21 7.3351331137e+00
850.0 2500.0 8.1336875494e-21 7.0227181714e+00
900.0 300.0 1.0851690747e-20 8.8489467127e+00
900.0 350.0 1.2173745900e-20 9.9270087282e+00
900.0 400.0 1.4661164569e-20 1.1955359495e+01
900.0 450.0 1.8011901003e-20 1.4687697602e+01
900.0 500.0 2.1688608151e-20 1.7685846590e+01
900.0 550.0 2.5208558976e-20 2.0556169567e+01
900.0 600.0 2.8250642284e-20 2.3036818316e+01
900.0 650.0 3.0655373881e-20 2.4997742402e+01
900.0 700.0 3.2384322646e-20 2.6407603394e+01
900.0 750.0 3.3474881123e-20 2.7296892822e+01
900.0 800.0 3.4004127650e-20 2.7728463757e+01
900.0 850.0 3.4064255618e-20 2.7777494751e+01
900.0 900.0 3.3747724613e-20 2.7519381424e+01
900.0 950.0 3.3139330686e-20 2.7023270213e+01
900.0 1000.0 3.2312725003e-20 2.6349219523e+01
900.0 1050.0 3.1329564629e-20 2.5547507240e+01
900.0 1100.0 3.0240085638e-20 2.4659098073e+01
900.0 1150.0 2.9084346528e-20 2.3716657486e+01
900.0 1200.0 2.7893702324e-20 2.2745753748e+01
900.0 1250.0 2.6692269655e-20 2.1766052620e+01
900.0 1300.0 2.5498264772e-20 2.0792408435e+01
900.0 1350.0 2.4325167178e-20 1.9835812976e+01
900.0 1400.0 2.3182700379e-20 1.8904195216e+01
900.0 1450.0 2.2077640986e-20 1.8003081103e+01
900.0 1500.0 2.1014476035e-20 1.7136129563e+01
900.0 1550.0 1.9995930920e-20 1.6305563004e+01
900.0 1600.0 1.9023389628e-20 1.5512509989e+01
900.0 1650.0 1.8097226817e-20 1.4757276030e+01
900.0 1700.0 1.7217068597e-20 1.4039556242e+01
900.0 1750.0 1.6381996152e-20 1.3358601380e+01
900.0 1800.0 1.5590703839e-20 1.2713346768e+01
900.0 1850.0 1.4841621235e-20 1.2102511811e+01
900.0 1900.0 1.4133006742e-20 1.1524676335e+01
900.0 1950.0 1.3463018850e-20 1.0978338691e+01
900.0 2000.0 1.2829769902e-20 1.0461959601e+01
900.0 2050.0 1.2231366190e-20 9.9739948512e+00
900.0 2100.0 1.1665937431e-20 9.5129193308e+00
900.0 2150.0 1.1131658001e-20 9.0772443456e+00
900.0 2200.0 1.0626761809e-20 8.6655297469e+00
900.0 2250.0 1.0149552285e-20 8.2763920770e+00
900.0 2300.0 9.6984086380e-21 7.9085096722e+00
900.0 2350.0 9.2717892886e-21 7.5606254598e+00
900.0 2400.0 8.8682331729e-21 7.2315480241e+00
900.0 2450.0 8.4863594772e-21 6.9201513890e+00
900.0 2500.0 8.1248662230e-21 6.6253738637e+00
950.0 300.0 1.0858491308e-20 8.3884662848e+00
950.0 350.0 1.2193870953e-20 9.4200817102e+00
950.0 400.0 1.4692882166e-20 1.1350632715e+01
950.0 450.0 1.8050989773e-20 1.3944857975e+01
950.0 500.0 2.1730179616e-20 1.6787127595e+01
950.0 550.0 2.5248384826e-20 1.9505032408e+01
950.0 600.0 2.8285728321e-20 2.1851459068e+01
950.0 650.0 3.0683991742e-20 2.3704179790e+01
950.0 700.0 3.2405778194e-20 2.5034304499e+01
950.0 750.0 3.3489212649e-20 2.5871285728e+01
950.0 800.0 3.4011831668e-20 2.6275022481e+01
950.0 850.0 3.4066074783e-20 2.6316926695e+01
950.0 900.0 3.3744499779e-20 2.6068501660e+01
950.0 950.0 3.3131906151e-20 2.5595257188e+01
950.0 1000.0 3.2301893144e-20 2.4954050603e+01
950.0 1050.0 3.1316037598e-20 2.4192451613e+01
950.0 1100.0 3.0224484522e-20 2.3349198539e+01
950.0 1150.0 2.9067201094e-20 2.2455167062e+01
950.0 1200.0 2.7875456696e-20 2.1534513592e+01
950.0 1250.0 2.6673290896e-20 2.0605809319e+01
950.0 1300.0 2.5478852517e-20 1.9683074678e+01
950.0 1350.0 2.4305563217e-20 1.8776678251e+01
950.0 1400.0 2.3163097602e-20 1.7894093919e+01
950.0 1450.0 2.2058191406e-20 1.7040525213e+01
950.0 1500.0 2.0995297804e-20 1.6219412326e+01
950.0 1550.0 1.9977114348e-20 1.5432839187e+01
950.0 1600.0 1.9005002280e-20 1.4681857391e+01
950.0 1650.0 1.8079317788e-20 1.3966742102e+01
950.0 1700.0 1.7199672070e-20 1.3287192960e+01
950.0 1750.0 1.6365134340e-20 1.2642490910e+01
950.0 1800.0 1.5574389408e-20 1.2031619932e+01
950.0 1850.0 1.4825859289e-20 1.1453360993e+01
950.0 1900.0 1.4117796448e-20 1.0906364076e+01
950.0 1950.0 1.3448354761e-20 1.0389203002e+01
950.0 2000.0 1.2815643028e-20 9.9004167712e+00
950.0 2050.0 1.2217764869e-20 9.4385403801e+00
950.0 2100.0 1.1652848032e-20 9.0021274652e+00
950.0 2150.0 1.1119065487e-20 8.5897665988e+00
950.0 2200.0 1.0614650189e-20 8.2000926931e+00
950.0 2250.0 1.0137904976e-20 7.8317946460e+00
950.0 2300.0 9.6872087512e-21 7.4836201179e+00
950.0 2350.0 9.2610198515e-21 7.1543781344e+00
950.0 2400.0 8.8578773073e-21 6.8429400585e+00
950.0 2450.0 8.4764005343e-21 6.5482393531e+00
950.0 2500.0 8.1152878864e-21 6.2692704626e+00
1000.0 300.0 1.0864900757e-20 7.9737468627e+00
1000.0 350.0 1.2213653023e-20 8.9635956786e+00
1000.0 400.0 1.4724187722e-20 1.0806076216e+01
1000.0 450.0 1.8089448297e-20 1.3275839774e+01
1000.0 500.0 2.1770787350e-20 1.5977573216e+01
1000.0 550.0 2.5286857585e-20 1.8558015931e+01
1000.0 600.0 2.8319071530e-20 2.0783356684e+01
1000.0 650.0 3.0710515862e-20 2.2538436843e+01
1000.0 700.0 3.2424849635e-20 2.3796585798e+01
1000.0 750.0 3.3500938143e-20 2.4586326778e+01
1000.0 800.0 3.4016774878e-20 2.4964899177e+01
1000.0 850.0 3.4065039005e-20 2.5000320203e+01
1000.0 900.0 3.3738377630e-20 2.4760583534e+01
1000.0 950.0 3.3121584260e-20 2.4307919096e+01
1000.0 1000.0 3.2288197281e-20 2.3696296684e+01
1000.0 1050.0 3.1299705367e-20 2.2970842814e+01
1000.0 1100.0 3.0206155707e-20 2.2168287101e+01
1000.0 1150.0 2.9047418593e-20 2.1317890339e+01
1000.0 1200.0 2.7854673282e-20 2.0442534973e+01
1000.0 1250.0 2.6651878748e-20 1.9559804485e+01
1000.0 1300.0 2.5457113647e-20 1.8682966795e+01
1000.0 1350.0 2.4283739712e-20 1.7821828075e+01
1000.0 1400.0 2.3141381097e-20 1.6983451487e+01
1000.0 1450.0 2.2036731530e-20 1.6172749557e+01
1000.0 1500.0 2.0974209530e-20 1.5392965033e+01
1000.0 1550.0 1.9956484268e-20 1.4646056819e+01
1000.0 1600.0 1.8984893900e-20 1.3933006989e+01
1000.0 1650.0 1.8059775958e-20 1.3254063255e+01
1000.0 1700.0 1.7180726654e-20 1.2608929278e+01
1000.0 1750.0 1.6346803242e-20 1.1996913178e+01
1000.0 1800.0 1.5556681056e-20 1.1417042782e+01
1000.0 1850.0 1.4808774669e-20 1.0868154546e+01
1000.0 1900.0 1.4101330752e-20 1.0348961704e+01
1000.0 1950.0 1.3432498734e-20 9.8581061192e+00
1000.0 2000.0 1.2800384049e-20 9.3941973733e+00
1000.0 2050.0 1.2203087830e-20 8.9558418875e+00
1000.0 2100.0 1.1638736039e-20 8.5416643057e+00
1000.0 2150.0 1.1105500423e-20 8.1503228738e+00
1000.0 2200.0 1.0601613163e-20 7.7805201896e+00
1000.0 2250.0 1.0125376674e-20 7.4310103973e+00
1000.0 2300.0 9.6751697187e-21 7.1006036703e+00
1000.0 2350.0 9.2494507093e-21 6.7881686383e+00
1000.0 2400.0 8.8467589193e-21 6.4926332745e+00
1000.0 2450.0 8.4657141351e-21 6.2129846408e+00
1000.0 2500.0 8.1050151760e-21 5.9482678009e+00
1050.0 300.0 1.0870950299e-20 7.5982729713e+00
1050.0 350.0 1.2233112083e-20 8.5503587393e+00
1050.0 400.0 1.4755099729e-20 1.0313107168e+01
1050.0 450.0 1.8127305904e-20 1.2670117579e+01
1050.0 500.0 2.1810482061e-20 1.5244481096e+01
1050.0 550.0 2.5324055871e-20 1.7700300705e+01
1050.0 600.0 2.8350780699e-20 1.9815836221e+01
1050.0 650.0 3.0735084045e-20 2.1482349927e+01
1050.0 700.0 3.2441700399e-20 2.2675192922e+01
1050.0 750.0 3.3510242112e-20 2.3422052340e+01
1050.0 800.0 3.4019157957e-20 2.3777760112e+01
1050.0 850.0 3.4061360397e-20 2.3807257594e+01
1050.0 900.0 3.3729577448e-20 2.3575357222e+01
1050.0 950.0 3.3108587806e-20 2.3141315241e+01
1050.0 1000.0 3.2271860688e-20 2.2556483108e+01
1050.0 1050.0 3.1280789266e-20 2.1863771709e+01
1050.0 1100.0 3.0185316699e-20 2.1098088915e+01
1050.0 1150.0 2.9025211288e-20 2.0287230862e+01
1050.0 1200.0 2.7831558072e-20 1.9452924503e+01
1050.0 1250.0 2.6628232217e-20 1.8611857432e+01
1050.0 1300.0 2.5433239731e-20 1.7776614987e+01
1050.0 1350.0 2.4259880543e-20 1.6956493180e+01
1050.0 1400.0 2.3117726961e-20 1.6158182595e+01
1050.0 1450.0 2.2013429700e-20 1.5386331764e+01
1050.0 1500.0 2.0951371913e-20 1.4644004299e+01
1050.0 1550.0 1.9934193917e-20 1.3933045656e+01
1050.0 1600.0 1.8963210495e-20 1.3254374805e+01
1050.0 1650.0 1.8038740362e-20 1.2608214513e+01
1050.0 1700.0 1.7160364691e-20 1.1994272039e+01
1050.0 1750.0 1.6327128800e-20 1.1411880106e+01
1050.0 1800.0 1.5537698625e-20 1.0860106269e+01
1050.0 1850.0 1.4790481408e-20 1.0337837265e+01
1050.0 1900.0 1.4083718173e-20 9.8438436548e+00
1050.0 1950.0 1.3415554055e-20 9.3768289769e+00
1050.0 2000.0 1.2784091297e-20 8.9354667887e+00
1050.0 2050.0 1.2187428713e-20 8.5184282540e+00
1050.0 2100.0 1.1623690653e-20 8.1244023828e+00
1050.0 2150.0 1.1091047812e-20 7.7521105786e+00
1050.0 2200.0 1.0587731762e-20 7.4003167944e+00
1050.0 2250.0 1.0112044657e-20 7.0678343190e+00
1050.0 2300.0 9.6623652725e-21 6.7535299921e+00
1050.0 2350.0 9.2371522413e-21 6.4563264732e+00
1050.0 2400.0 8.8349452186e-21 6.1752030511e+00
1050.0 2450.0 8.4543644921e-21 5.9091953730e+00
1050.0 2500.0 8.0941094695e-21 5.6573943873e+00
1100.0 300.0 1.0876677339e-20 7.2567179023e+00
1100.0 350.0 1.2252276770e-20 8.1744923940e+00
1100.0 400.0 1.4785646856e-20 9.8647100477e+00
1100.0 450.0 1.8164602585e-20 1.2119086800e+01
1100.0 500.0 2.1849324665e-20 1.4577465204e+01
1100.0 550.0 2.5360067342e-20 1.6919767770e+01
1100.0 600.0 2.8380972058e-20 1.8935259509e+01
1100.0 650.0 3.0757839748e-20 2.0521061660e+01
1100.0 700.0 3.2456497776e-20 2.1654374871e+01
1100.0 750.0 3.3517311246e-20 2.2362129993e+01
1100.0 800.0 3.4019182282e-20 2.2696969064e+01
1100.0 850.0 3.4055250504e-20 2.2721033114e+01
1100.0 900.0 3.3718316904e-20 2.2496237249e+01
1100.0 950.0 3.3093137129e-20 2.2079128870e+01
1100.0 1000.0 3.2253103537e-20 2.1518673997e+01
1100.0 1050.0 3.1259507037e-20 2.0855764794e+01
1100.0 1100.0 3.0162181058e-20 2.0123649202e+01
1100.0 1150.0 2.9000787254e-20 1.9348788741e+01
1100.0 1200.0 2.7806312723e-20 1.8551857432e+01
1100.0 1250.0 2.6602545903e-20 1.7748726480e+01
1100.0 1300.0 2.5407417918e-20 1.6951359198e+01
1100.0 1350.0 2.4234165201e-20 1.6168586690e+01
1100.0 1400.0 2.3092306968e-20 1.5406760001e+01
1100.0 1450.0 2.1988450022e-20 1.4670287068e+01
1100.0 1500.0 2.0926941527e-20 1.3962068238e+01
1100.0 1550.0 1.9910392535e-20 1.3283845557e+01
1100.0 1600.0 1.8940094202e-20 1.2636480460e+01
1100.0 1650.0 1.8016346304e-20 1.2020172952e+01
1100.0 1700.0 1.7138714937e-20 1.1434633539e+01
1100.0 1750.0 1.6306233512e-20 1.0879217334e+01
1100.0 1800.0 1.5517558648e-20 1.0353028055e+01
1100.0 1850.0 1.4771090372e-20 9.8549982309e+00
1100.0 1900.0 1.4065064194e-20 9.3839506266e+00
1100.0 1950.0 1.3397621110e-20 8.9386449489e+00
1100.0 2000.0 1.2766860325e-20 8.5178130218e+00
1100.0 2050.0 1.2170878500e-20 8.1201849738e+00
1100.0 2100.0 1.1607798533e-20 7.7445084372e+00
1100.0 2150.0 1.1075790227e-20 7.3895623373e+00
1100.0 2200.0 1.0573084697e-20 7.0541665076e+00
1100.0 2250.0 1.0097983987e-20 6.7371881036e+00
1100.0 2300.0 9.6488670246e-21 6.4375455748e+00
1100.0 2350.0 9.2241927995e-21 6.1542107883e+00
1100.0 2400.0 8.8225014761e-21 5.8862097685e+00
1100.0 2450.0 8.4424139632e-21 5.6326224116e+00
1100.0 2500.0 8.0826303705e-21 5.3925814545e+00
1150.0 300.0 1.0882123140e-20 6.9446837942e+00
1150.0 350.0 1.2271181601e-20 7.8311442450e+00
1150.0 400.0 1.4815864832e-20 9.4550939258e+00
1150.0 450.0 1.8201385604e-20 1.1615643934e+01
1150.0 500.0 2.1887382697e-20 1.3967950001e+01
1150.0 550.0 2.5394984995e-20 1.6206409217e+01
1150.0 600.0 2.8409765523e-20 1.8130362586e+01
1150.0 650.0 3.0778928336e-20 1.9642299768e+01
1150.0 700.0 3.2469409239e-20 2.0721120066e+01
1150.0 750.0 3.3522330855e-20 2.1393066853e+01
1150.0 800.0 3.4017046498e-20 2.1708781321e+01
1150.0 850.0 3.4046917029e-20 2.1727843906e+01
1150.0 900.0 3.3704808943e-20 2.1509519553e+01
1150.0 950.0 3.3075447178e-20 2.1107877485e+01
1150.0 1000.0 3.2232140121e-20 2.0569701177e+01
1150.0 1050.0 3.1236070215e-20 1.9934035650e+01
1150.0 1100.0 3.0136955948e-20 1.9232609932e+01
1150.0 1150.0 2.8974348083e-20 1.8490664276e+01
1150.0 1200.0 2.7779132400e-20 1.7727909170e+01
1150.0 1250.0 2.6575007979e-20 1.6959468743e+01
1150.0 1300.0 2.5379829040e-20 1.6196737087e+01
1150.0 1350.0 2.4206767009e-20 1.5448119857e+01
1150.0 1400.0 2.3065286897e-20 1.4719657375e+01
1150.0 1450.0 2.1961950803e-20 1.4015537398e+01
1150.0 1500.0 2.0901069352e-20 1.3338510854e+01
1150.0 1550.0 1.9885223977e-20 1.2690225145e+01
1150.0 1600.0 1.8915681995e-20 1.2071489040e+01
1150.0 1650.0 1.7992724138e-20 1.1482481693e+01
1150.0 1700.0 1.7115901405e-20 1.0922916566e+01
1150.0 1750.0 1.6284235343e-20 1.0392169234e+01
1150.0 1800.0 1.5496373331e-20 9.8893764906e+00
1150.0 1850.0 1.4750708293e-20 9.4135127420e+00
1150.0 1900.0 1.4045470355e-20 8.9634485026e+00
1150.0 1950.0 1.3378796517e-20 8.5379948536e+00
1150.0 2000.0 1.2748783095e-20 8.1359369140e+00
1150.0 2050.0 1.2153524746e-20 7.7560587457e+00
1150.0 2100.0 1.1591143070e-20 7.3971616019e+00
1150.0 2150.0 1.1059807120e-20 7.0580770215e+00
1150.0 2200.0 1.0557747701e-20 6.7376759503e+00
1150.0 2250.0 1.0083266882e-20 6.4348748135e+00
1150.0 2300.0 9.6347438724e-21 6.1486392659e+00
1150.0 2350.0 9.2106381435e-21 5.8779861824e+00
1150.0 2400.0 8.8094904855e-21 5.6219843339e+00
1150.0 2450.0 8.4299225390e-21 5.3797540877e+00
1150.0 2500.0 8.0706352188e-21 5.1504664020e+00
1200.0 300.0 1.0887331491e-20 6.6585073087e+00
1200.0 350.0 1.2289865344e-20 7.5162732287e+00
1200.0 400.0 1.4845794659e-20 9.0794362538e+00
1200.0 450.0 1.8237707664e-20 1.1153872726e+01
1200.0 500.0 2.1924728512e-20 1.3408792151e+01
1200.0 550.0 2.5428905443e-20 1.5551887337e+01
1200.0 600.0 2.8437283108e-20 1.7391760100e+01
1200.0 650.0 3.0798495647e-20 1.8835837647e+01
1200.0 700.0 3.2480601161e-20 1.9864584853e+01
1200.0 750.0 3.3525483733e-20 2.0503617315e+01
1200.0 800.0 3.4012945531e-20 2.0801740684e+01
1200.0 850.0 3.4036562975e-20 2.0816184712e+01
1200.0 900.0 3.3689261049e-20 2.0603780744e+01
1200.0 950.0 3.3055726875e-20 2.0216321986e+01
1200.0 1000.0 3.2209178322e-20 1.9698587248e+01
1200.0 1050.0 3.1210683678e-20 1.9087924857e+01
1200.0 1100.0 3.0109841750e-20 1.8414668601e+01
1200.0 1150.0 2.8946088555e-20 1.7702936883e+01
1200.0 1200.0 2.7750205507e-20 1.6971555091e+01
1200.0 1250.0 2.6545799958e-20 1.6234961082e+01
1200.0 1300.0 2.5350647420e-20 1.5504026057e+01
1200.0 1350.0 2.4177852961e-20 1.4786764855e+01
1200.0 1400.0 2.3036826404e-20 1.4088932363e+01
1200.0 1450.0 2.1934084443e-20 1.3414514080e+01
1200.0 1500.0 2.0873900690e-20 1.2766123676e+01
1200.0 1550.0 1.9858826650e-20 1.2145321606e+01
1200.0 1600.0 1.8890105624e-20 1.1552868255e+01
1200.0 1650.0 1.7967999222e-20 1.0988923617e+01
1200.0 1700.0 1.7092043341e-20 1.0453203855e+01
1200.0 1750.0 1.6261247703e-20 9.9451033316e+00
1200.0 1800.0 1.5474250534e-20 9.4637892091e+00
1200.0 1850.0 1.4729437758e-20 9.0082743461e+00
1200.0 1900.0 1.4025034245e-20 8.5774731030e+00
1200.0 1950.0 1.3359173129e-20 8.1702437366e+00
1200.0 2000.0 1.2729947978e-20 7.7854203045e+00
1200.0 2050.0 1.2135451587e-20 7.4218363934e+00
1200.0 2100.0 1.1573804392e-20 7.0783424935e+00
1200.0 2150.0 1.1043174836e-20 6.7538184561e+00
1200.0 2200.0 1.0541793543e-20 6.4471821598e+00
1200.0 2250.0 1.0067962731e-20 6.1573952707e+00
1200.0 2300.0 9.6200620143e-21 5.8834667877e+00
1200.0 2350.0 9.1965514565e-21 5.6244549126e+00
1200.0 2400.0 8.7959725808e-21 5.3794676654e+00
1200.0 2450.0 8.4169478602e-21 5.1476625739e+00
1200.0 2500.0 8.0581791088e-21 4.9282456897e+00
1250.0 300.0 1.0892347483e-20 6.3951120043e+00
1250.0 350.0 1.2308369521e-20 7.2264864670e+00
1250.0 400.0 1.4875480932e-20 8.7336881994e+00
1250.0 450.0 1.8273625120e-20 1.0728805664e+01
1250.0 500.0 2.1961437459e-20 1.2893993012e+01
1250.0 550.0 2.5461927123e-20 1.4949199523e+01
1250.0 600.0 2.8463647186e-20 1.6711568566e+01
1250.0 650.0 3.0816686342e-20 1.8093084257e+01
1250.0 700.0 3.2490237274e-20 1.9075659011e+01
1250.0 750.0 3.3526948735e-20 1.9684332754e+01
1250.0 800.0 3.4007069278e-20 1.9966220992e+01
1250.0 850.0 3.4024385446e-20 1.9976387656e+01
1250.0 900.0 3.3671874154e-20 1.9769421325e+01
1250.0 950.0 3.3034178125e-20 1.9395017411e+01
1250.0 1000.0 3.2184418701e-20 1.8896106896e+01
1250.0 1050.0 3.1183544826e-20 1.8308474107e+01
1250.0 1100.0 3.0081031311e-20 1.7661166681e+01
1250.0 1150.0 2.8916195956e-20 1.6977268873e+01
1250.0 1200.0 2.7719713059e-20 1.6274790170e+01
1250.0 1250.0 2.6515096125e-20 1.5567535813e+01
1250.0 1300.0 2.5320040347e-20 1.4865894999e+01
1250.0 1350.0 2.4147583242e-20 1.4177522312e+01
1250.0 1400.0 2.3007078575e-20 1.3507909531e+01
1250.0 1450.0 2.1904997025e-20 1.2860855720e+01
1250.0 1500.0 2.0845574780e-20 1.2238848028e+01
1250.0 1550.0 1.9831333154e-20 1.1643366769e+01
1250.0 1600.0 1.8863491291e-20 1.1075127725e+01
1250.0 1650.0 1.7942291619e-20 1.0534273232e+01
1250.0 1700.0 1.7067254933e-20 1.0020521938e+01
1250.0 1750.0 1.6237379183e-20 9.5332855195e+00
1250.0 1800.0 1.5451293521e-20 9.0717591258e+00
1250.0 1850.0 1.4707376978e-20 8.6349910533e+00
1250.0 1900.0 1.4003849282e-20 8.2219360691e+00
1250.0 1950.0 1.3338839828e-20 7.8314959048e+00
1250.0 2000.0 1.2710439563e-20 7.4625497176e+00
1250.0 2050.0 1.2116739552e-20 7.1139767329e+00
1250.0 2100.0 1.1555859194e-20 6.7846728143e+00
1250.0 2150.0 1.1025966447e-20 6.4735623330e+00
1250.0 2200.0 1.0525291871e-20 6.1796064163e+00
1250.0 2250.0 1.0052137951e-20 5.9018084192e+00
1250.0 2300.0 9.6048848119e-21 5.6392172814e+00
1250.0 2350.0 9.1819932145e-21 5.3909292852e+00
1250.0 2400.0 8.7820055117e-21 5.1560886171e+00
1250.0 2450.0 8.4035450996e-21 4.9338870459e+00
1250.0 2500.0 8.0453147771e-21 4.7235629593e+00
1300.0 300.0 1.0897216652e-20 6.1518949901e+00
1300.0 350.0 1.2326737334e-20 6.9589140115e+00
1300.0 400.0 1.4904970627e-20 8.4144251743e+00
1300.0 450.0 1.8309196716e-20 1.0336240817e+01
1300.0 500.0 2.1997586623e-20 1.2418477787e+01
1300.0 550.0 2.5494149079e-20 1.4392420836e+01
1300.0 600.0 2.8488979368e-20 1.6083116913e+01
1300.0 650.0 3.0833642886e-20 1.7406769017e+01
1300.0 700.0 3.2498477763e-20 1.8346631889e+01
1300.0 750.0 3.3526899982e-20 1.8927215510e+01
1300.0 800.0 3.3999601919e-20 1.9194073807e+01
1300.0 850.0 3.4010575061e-20 1.9200268564e+01
1300.0 900.0 3.3652842134e-20 1.8998314664e+01
1300.0 950.0 3.3010995388e-20 1.8635967662e+01
1300.0 1000.0 3.2158054139e-20 1.8154449752e+01
1300.0 1050.0 3.1154843267e-20 1.7588098900e+01
1300.0 1100.0 3.0050709692e-20 1.6964773327e+01
1300.0 1150.0 2.8884849859e-20 1.6306600925e+01
1300.0 1200.0 2.7687828501e-20 1.5630836651e+01
1300.0 1250.0 2.6483063381e-20 1.4950700728e+01
1300.0 1300.0 2.5288167948e-20 1.4276136620e+01
1300.0 1350.0 2.4116111116e-20 1.3614465775e+01
1300.0 1400.0 2.2976189834e-20 1.2970936675e+01
1300.0 1450.0 2.1874828237e-20 1.2349175990e+01
1300.0 1500.0 2.0816224734e-20 1.1751553882e+01
1300.0 1550.0 1.9802870234e-20 1.1179476564e+01
1300.0 1600.0 1.8835959604e-20 1.0633618585e+01
1300.0 1650.0 1.7915716049e-20 1.0114105952e+01
1300.0 1700.0 1.7041645279e-20 9.6206596197e+00
1300.0 1750.0 1.6212733522e-20 9.1527072750e+00
1300.0 1800.0 1.5427600939e-20 8.7094699458e+00
1300.0 1850.0 1.4684619765e-20 8.2900286966e+00
1300.0 1900.0 1.3982004696e-20 7.8933756557e+00
1300.0 1950.0 1.3317881507e-20 7.5184527512e+00
1300.0 2000.0 1.2690338644e-20 7.1641808378e+00
1300.0 2050.0 1.2097465556e-20 6.8294813366e+00
1300.0 2100.0 1.1537380728e-20 6.5132920599e+00
1300.0 2150.0 1.1008251742e-20 6.2145785388e+00
1300.0 2200.0 1.0508309207e-20 5.9323418837e+00
1300.0 2250.0 1.0035855975e-20 5.6656239903e+00
1300.0 2300.0 9.5892727827e-21 5.4135107223e+00
1300.0 2350.0 9.1670211804e-21 5.1751335660e+00
1300.0 2400.0 8.7676444379e-21 4.9496701417e+00
1300.0 2450.0 8.3897669568e-21 4.7363438717e+00
1300.0 2500.0 8.0320925977e-21 4.5344230355e+00
1350.0 300.0 1.0901984504e-20 5.9266389716e+00
1350.0 350.0 1.2345013022e-20 6.7111116563e+00
1350.0 400.0 1.4934312389e-20 8.1187308411e+00
1350.0 450.0 1.8344482858e-20 9.9725996659e+00
1350.0 500.0 2.2033254157e-20 1.1977924085e+01
1350.0 550.0 2.5525670404e-20 1.3876504130e+01
1350.0 600.0 2.8513400061e-20 1.5500721722e+01
1350.0 650.0 3.0849505239e-20 1.6770697109e+01
1350.0 700.0 3.2505479086e-20 1.7670933129e+01
1350.0 750.0 3.3525506795e-20 1.8225450150e+01
1350.0 800.0 3.3990721950e-20 1.8478354772e+01
1350.0 850.0 3.3995316068e-20 1.8480852269e+01
1350.0 900.0 3.3632351988e-20 1.8283534335e+01
1350.0 950.0 3.2986365913e-20 1.7932357332e+01
1350.0 1000.0 3.2130270114e-20 1.7466958512e+01
1350.0 1050.0 3.1124761132e-20 1.6920334297e+01
1350.0 1100.0 3.0019054485e-20 1.6319239689e+01
1350.0 1150.0 2.8852222467e-20 1.5684915533e+01
1350.0 1200.0 2.7654718051e-20 1.5033916962e+01
1350.0 1250.0 2.6449861589e-20 1.4378921602e+01
1350.0 1300.0 2.5255183533e-20 1.3729459523e+01
1350.0 1350.0 2.4083583271e-20 1.3092543210e+01
1350.0 1400.0 2.2944300280e-20 1.2473195515e+01
1350.0 1450.0 2.1843711696e-20 1.1874883236e+01
1350.0 1500.0 2.0785977854e-20 1.1299868053e+01
1350.0 1550.0 1.9773559078e-20 1.0749487471e+01
1350.0 1600.0 1.8807625867e-20 1.0224377808e+01
1350.0 1650.0 1.7888382180e-20 9.7246499413e+00
1350.0 1700.0 1.7015318659e-20 9.2500269695e+00
1350.0 1750.0 1.6187409873e-20 8.7999514372e+00
1350.0 1800.0 1.5403267066e-20 8.3736683766e+00
1350.0 1850.0 1.4661255772e-20 7.9702892441e+00
1350.0 1900.0 1.3959585761e-20 7.5888408178e+00
1350.0 1950.0 1.3296379294e-20 7.2283023038e+00
1350.0 2000.0 1.2669722426e-20 6.8876332253e+00
1350.0 2050.0 1.2077703101e-20 6.5657941325e+00
1350.0 2100.0 1.1518438993e-20 6.2617617375e+00
1350.0 2150.0 1.0990097415e-20 5.9745397380e+00
1350.0 2200.0 1.0490909120e-20 5.7031663196e+00
1350.0 2250.0 1.0019177424e-20 5.4467191147e+00
1350.0 2300.0 9.5732837624e-21 5.2043182241e+00
1350.0 2350.0 9.1516905582e-21 4.9751277760e+00
1350.0 2400.0 8.7529420773e-21 4.7583563904e+00
1350.0 2450.0 8.3756638001e-21 4.5532568381e+00
1350.0 2500.0 8.0185607174e-21 4.3591251141e+00
1400.0 300.0 1.0906696099e-20 5.7174431784e+00
1400.0 350.0 1.2363241302e-20 6.4809846176e+00
1400.0 400.0 1.4963555873e-20 7.8441060127e+00
1400.0 450.0 1.8379544934e-20 9.6348154245e+00
1400.0 500.0 2.2068518625e-20 1.1568627210e+01
1400.0 550.0 2.5556589640e-20 1.3397122994e+01
1400.0 600.0 2.8537027960e-20 1.4959510594e+01
1400.0 650.0 3.0864410449e-20 1.6179557162e+01
1400.0 700.0 3.2511393660e-20 1.7042928877e+01
1400.0 750.0 3.3522933479e-20 1.7573192248e+01
1400.0 800.0 3.3980602053e-20 1.7813108538e+01
1400.0 850.0 3.3978786282e-20 1.7812156685e+01
1400.0 900.0 3.3610583848e-20 1.7619139802e+01
1400.0 950.0 3.2960469793e-20 1.7278340889e+01
1400.0 1000.0 3.2101244788e-20 1.6827923082e+01
1400.0 1050.0 3.1093473187e-20 1.6299635064e+01
1400.0 1100.0 2.9986235963e-20 1.5719205770e+01
1400.0 1150.0 2.8818478764e-20 1.5107051056e+01
1400.0 1200.0 2.7620540871e-20 1.4479075199e+01
1400.0 1250.0 2.6415643754e-20 1.3847451218e+01
1400.0 1300.0 2.5221233773e-20 1.3221324742e+01
1400.0 1350.0 2.4050139996e-20 1.2607420947e+01
1400.0 1400.0 2.2911543862e-20 1.2010552873e+01
1400.0 1450.0 2.1811775128e-20 1.1434038666e+01
1400.0 1500.0 2.0754955805e-20 1.0880039144e+01
1400.0 1550.0 1.9743515490e-20 1.0349827934e+01
1400.0 1600.0 1.8778600249e-20 9.8440058214e+00
1400.0 1650.0 1.7860394779e-20 9.3626696266e+00
1400.0 1700.0 1.6988374691e-20 8.9055444572e+00
1400.0 1750.0 1.6161502946e-20 8.4720866825e+00
1400.0 1800.0 1.5378381952e-20 8.0615636656e+00
1400.0 1850.0 1.4637370631e-20 7.6731151306e+00
1400.0 1900.0 1.3936673922e-20 7.3058000811e+00
1400.0 1950.0 1.3274410673e-20 6.9586323907e+00
1400.0 2000.0 1.2648664649e-20 6.6306075419e+00
1400.0 2050.0 1.2057522387e-20 6.3207224712e+00
1400.0 2100.0 1.1499100847e-20 6.0279900623e+00
1400.0 2150.0 1.0971567165e-20 5.7514495019e+00
1400.0 2200.0 1.0473152329e-20 5.4901734491e+00
1400.0 2250.0 1.0002160200e-20 5.2432727645e+00
1400.0 2300.0 9.5569729934e-21 5.0098993821e+00
1400.0 2350.0 9.1360540785e-21 4.7892477790e+00
1400.0 2400.0 8.7379487872e-21 4.5805553976e+00
1400.0 2450.0 8.3612837439e-21 4.3831022951e+00
1400.0 2500.0 8.0047651305e-21 4.1962102340e+00
1450.0 300.0 1.0911395670e-20 5.5226685953e+00
1450.0 350.0 1.2381466841e-20 6.2667270215e+00
1450.0 400.0 1.4992751111e-20 7.5883964089e+00
1450.0 450.0 1.8414444620e-20 9.3202444562e+00
1450.0 500.0 2.2103458294e-20 1.1187393314e+01
1450.0 550.0 2.5587004101e-20 1.2950547141e+01
1450.0 600.0 2.8559979423e-20 1.4455282002e+01
1450.0 650.0 3.0878492092e-20 1.5628768647e+01
1450.0 700.0 3.2516369382e-20 1.6457760075e+01
1450.0 750.0 3.3519338910e-20 1.6965400755e+01
1450.0 800.0 3.3969408751e-20 1.7193198064e+01
1450.0 850.0 3.3961156809e-20 1.7189021446e+01
1450.0 900.0 3.3587710745e-20 1.7000006317e+01
1450.0 950.0 3.2933479778e-20 1.6668875367e+01
1450.0 1000.0 3.2071148869e-20 1.6232417193e+01
1450.0 1050.0 3.1061146730e-20 1.5721217044e+01
1450.0 1100.0 2.9952416996e-20 1.5160047138e+01
1450.0 1150.0 2.8783776462e-20 1.4568554118e+01
1450.0 1200.0 2.7585449025e-20 1.3962035438e+01
1450.0 1250.0 2.6380555992e-20 1.3352193662e+01
1450.0 1300.0 2.5186458686e-20 1.2747816010e+01
1450.0 1350.0 2.4015915173e-20 1.2155359821e+01
1450.0 1400.0 2.2878048382e-20 1.1579442552e+01
1450.0 1450.0 2.1779140368e-20 1.1023243788e+01
1450.0 1500.0 2.0723274622e-20 1.0488830339e+01
1450.0 1550.0 1.9712849900e-20 9.9774163051e+00
1450.0 1600.0 1.8748987790e-20 9.4895693636e+00
1450.0 1650.0 1.7831853733e-20 9.0253732507e+00
1450.0 1700.0 1.6960908340e-20 8.5845549616e+00
1450.0 1750.0 1.6135103025e-20 8.1665837672e+00
1450.0 1800.0 1.5353031434e-20 7.7707478592e+00
1450.0 1850.0 1.4613045963e-20 7.3962133225e+00
1450.0 1900.0 1.3913346809e-20 7.0420692092e+00
1450.0 1950.0 1.3252049498e-20 6.7073617160e+00
1450.0 2000.0 1.2627235595e-20 6.3911198510e+00
1450.0 2050.0 1.2036990324e-20 6.0923744728e+00
1450.0 2100.0 1.1479430014e-20 5.8101721861e+00
1450.0 2150.0 1.0952721709e-20 5.5435852612e+00
1450.0 2200.0 1.0455096709e-20 5.2917184932e+00
1450.0 2250.0 9.9848594959e-21 5.0537137168e+00
1450.0 2300.0 9.5403931341e-21 4.8287525393e+00
1450.0 2350.0 9.1201620067e-21 4.6160577274e+00
1450.0 2400.0 8.7227125722e-21 4.4148935888e+00
1450.0 2450.0 8.3466726561e-21 4.2245656145e+00
1450.0 2500.0 7.9907496850e-21 4.0444195842e+00
1500.0 300.0 1.0916126414e-20 5.3408942363e+00
1500.0 350.0 1.2399733934e-20 6.0667735962e+00
1500.0 400.0 1.5021948122e-20 7.3497349792e+00
1500.0 450.0 1.8449243457e-20 9.0265955437e+00
1500.0 500.0 2.2138150728e-20 1.0831454047e+01
1500.0 550.0 2.5617009507e-20 1.2533542874e+01
1500.0 600.0 2.8582368171e-20 1.3984393331e+01
1500.0 650.0 3.0891880053e-20 1.5114359973e+01
1500.0 700.0 3.2520549487e-20 1.5911213257e+01
1500.0 750.0 3.3514876476e-20 1.6397704077e+01
1500.0 800.0 3.3957302411e-20 1.6614168236e+01
1500.0 850.0 3.3942592104e-20 1.6606970977e+01
1500.0 900.0 3.3563898716e-20 1.6421689014e+01
1500.0 950.0 3.2905561424e-20 1.6099586675e+01
1500.0 1000.0 3.2040145777e-20 1.5676167848e+01
1500.0 1050.0 3.1027941776e-20 1.5180930406e+01
1500.0 1100.0 2.9917753246e-20 1.4637752424e+01
1500.0 1150.0 2.8748266205e-20 1.4065561671e+01
1500.0 1200.0 2.7549587690e-20 1.3479088509e+01
1500.0 1250.0 2.6344737742e-20 1.2889595872e+01
1500.0 1300.0 2.5150991843e-20 1.2305536074e+01
1500.0 1350.0 2.3981036486e-20 1.1733116189e+01
1500.0 1400.0 2.2843935693e-20 1.1176770940e+01
1500.0 1450.0 2.1745923559e-20 1.0639550459e+01
1500.0 1500.0 2.0691044899e-20 1.0123433740e+01
1500.0 1550.0 1.9681667547e-20 9.6295792827e+00
1500.0 1600.0 1.8718888585e-20 9.1585238542e+00
1500.0 1650.0 1.7802854212e-20 8.7103389836e+00
1500.0 1700.0 1.6933010081e-20 8.2847534481e+00
1500.0 1750.0 1.6108296120e-20 7.8812485897e+00
1500.0 1800.0 1.5327297285e-20 7.4991320750e+00
1500.0 1850.0 1.4588359522e-20 7.1375946315e+00
1500.0 1900.0 1.3889678371e-20 6.7957533967e+00
1500.0 1950.0 1.3229366119e-20 6.4726847765e+00
1500.0 2000.0 1.2605502217e-20 6.1674491099e+00
1500.0 2050.0 1.2016170649e-20 5.8791089557e+00
1500.0 2100.0 1.1459487198e-20 5.6067424291e+00
1500.0 2150.0 1.0933618884e-20 5.3494527146e+00
1500.0 2200.0 1.0436797391e-20 5.1063746348e+00
1500.0 2250.0 9.9673278884e-21 4.8766789658e+00
1500.0 2300.0 9.5235943502e-21 4.6595750402e+00
1500.0 2350.0 9.1040622299e-21 4.4543120560e+00
1500.0 2400.0 8.7072791665e-21 4.2601794219e+00
1500.0 2450.0 8.3318742368e-21 4.0765063908e+00
1500.0 2500.0 7.9765561578e-21 3.9026611816e+00
1550.0 300.0 1.0920930381e-20 5.1708819252e+00
1550.0 350.0 1.2418086301e-20 5.8797607679e+00
1550.0 400.0 1.5051196639e-20 7.1264954486e+00
1550.0 450.0 1.8484002559e-20 8.7518729090e+00
1550.0 500.0 2.2172672513e-20 1.0498397804e+01
1550.0 550.0 2.5646699765e-20 1.2143292891e+01
1550.0 600.0 2.8604305142e-20 1.3543670666e+01
1550.0 650.0 3.0904700454e-20 1.4632870224e+01
1550.0 700.0 3.2524072547e-20 1.5399616425e+01
1550.0 750.0 3.3509694138e-20 1.5866292129e+01
1550.0 800.0 3.3944437371e-20 1.6072135939e+01
1550.0 850.0 3.3923250138e-20 1.6062104131e+01
1550.0 900.0 3.3539307016e-20 1.5880313342e+01
1550.0 950.0 3.2876873321e-20 1.5566661822e+01
1550.0 1000.0 3.2008391902e-20 1.5155450073e+01
1550.0 1050.0 3.0994011326e-20 1.4675157461e+01
1550.0 1100.0 2.9882393455e-20 1.4148824579e+01
1550.0 1150.0 2.8712091855e-20 1.3594705912e+01
1550.0 1200.0 2.7513095438e-20 1.3027000718e+01
1550.0 1250.0 2.6308322047e-20 1.2456560221e+01
1550.0 1300.0 2.5114960649e-20 1.1891523116e+01
1550.0 1350.0 2.3945625688e-20 1.1337862137e+01
1550.0 1400.0 2.2809321962e-20 1.0799840906e+01
1550.0 1450.0 2.1712235404e-20 1.0280388363e+01
1550.0 1500.0 2.0658372032e-20 9.7814012928e+00
1550.0 1550.0 1.9650068707e-20 9.3039861593e+00
1550.0 1600.0 1.8688397999e-20 8.8486508067e+00
1550.0 1650.0 1.7773486884e-20 8.4154553571e+00
1550.0 1700.0 1.6904766105e-20 8.0041302762e+00
1550.0 1750.0 1.6081164164e-20 7.6141682266e+00
1550.0 1800.0 1.5301257394e-20 7.2448951263e+00
1550.0 1850.0 1.4563385369e-20 6.8955247902e+00
1550.0 1900.0 1.3865739044e-20 6.5652006655e+00
1550.0 1950.0 1.3206427546e-20 6.2530274540e+00
1550.0 2000.0 1.2583528281e-20 5.9580948395e+00
1550.0 2050.0 1.1995124071e-20 5.6794950693e+00
1550.0 2100.0 1.1439330216e-20 5.4163357688e+00
1550.0 2150.0 1.0914313779e-20 5.1677490727e+00
1550.0 2200.0 1.0418306890e-20 4.9328979226e+00
1550.0 2250.0 9.9496154599e-21 4.7109801959e+00
1550.0 2300.0 9.5066244266e-21 4.5012311867e+00
1550.0 2350.0 9.0878003637e-21 4.3029248427e+00
1550.0 2400.0 8.6916921368e-21 4.1153740755e+00
1550.0 2450.0 8.3169301159e-21 3.9379303878e+00
1550.0 2500.0 7.9622243481e-21 3.7699830079e+00
1600.0 300.0 1.0925848154e-20 5.0115475849e+00
1600.0 350.0 1.2436566649e-20 5.7044949442e+00
1600.0 400.0 1.5080545556e-20 6.9172544406e+00
1600.0 450.0 1.8518781964e-20 8.4943297512e+00
1600.0 500.0 2.2207098534e-20 1.0186113651e+01
1600.0 550.0 2.5676166211e-20 1.1777330872e+01
1600.0 600.0 2.8625897720e-20 1.3130335198e+01
1600.0 650.0 3.0917074893e-20 1.4181269027e+01
1600.0 700.0 3.2527071747e-20 1.4919754107e+01
1600.0 750.0 3.3503933745e-20 1.5367828281e+01
1600.0 800.0 3.3930961289e-20 1.5563700384e+01
1600.0 850.0 3.3903281801e-20 1.5551004155e+01
1600.0 900.0 3.3514087553e-20 1.5372485703e+01
1600.0 950.0 3.2847566584e-20 1.5066761012e+01
1600.0 1000.0 3.1976036121e-20 1.4667001073e+01
1600.0 1050.0 3.0959500927e-20 1.4200729309e+01
1600.0 1100.0 2.9846479025e-20 1.3690200319e+01
1600.0 1150.0 2.8675390103e-20 1.3153036725e+01
1600.0 1200.0 2.7476103879e-20 1.2602939388e+01
1600.0 1250.0 2.6271435219e-20 1.2050373195e+01
1600.0 1300.0 2.5078486022e-20 1.1503182571e+01
1600.0 1350.0 2.3909798305e-20 1.0967120380e+01
1600.0 1400.0 2.2774317389e-20 1.0446289726e+01
1600.0 1450.0 2.1678180897e-20 9.9435058583e+00
1600.0 1500.0 2.0625355971e-20 9.4605884550e+00
1600.0 1550.0 1.9618148466e-20 8.9985951832e+00
1600.0 1600.0 1.8657606447e-20 8.5580067759e+00
1600.0 1650.0 1.7743837704e-20 8.1388726754e+00
1600.0 1700.0 1.6876258116e-20 7.7409249531e+00
1600.0 1750.0 1.6053784819e-20 7.3636669123e+00
1600.0 1800.0 1.5274985591e-20 7.0064416117e+00
1600.0 1850.0 1.4538193700e-20 6.6684845425e+00
1600.0 1900.0 1.3841595588e-20 6.3489638487e+00
1600.0 1950.0 1.3183297287e-20 6.0470107906e+00
1600.0 2000.0 1.2561374227e-20 5.7617425931e+00
1600.0 2050.0 1.1973908128e-20 5.4922793654e+00
1600.0 2100.0 1.1419013868e-20 5.2377564258e+00
1600.0 2150.0 1.0894858610e-20 4.9973330755e+00
1600.0 2200.0 1.0399674978e-20 4.7701986417e+00
1600.0 2250.0 9.9317696783e-21 4.5555764317e+00
1600.0 2300.0 9.4895286552e-21 4.3527260992e+00
1600.0 2350.0 9.0714196448e-21 4.1609448139e+00
1600.0 2400.0 8.6759927777e-21 3.9795675393e+00
1600.0 2450.0 8.3018797533e-21 3.8079666533e+00
1600.0 2500.0 7.9477919814e-21 3.6455510959e+00
1650.0 300.0 1.0930918815e-20 4.8619378741e+00
1650.0 350.0 1.2455216560e-20 5.5399267117e+00
1650.0 400.0 1.5110042767e-20 6.7207606655e+00
1650.0 450.0 1.8553640449e-20 8.2524304436e+00
1650.0 500.0 2.2241501815e-20 9.8927456954e+00
1650.0 550.0 2.5705497479e-20 1.1433488244e+01
1650.0 600.0 2.8647249663e-20 1.2741943334e+01
1650.0 650.0 3.0929120446e-20 1.3756891315e+01
1650.0 700.0 3.2529674938e-20 1.4468798213e+01
1650.0 750.0 3.3497731142e-20 1.4899377673e+01
1650.0 800.0 3.3917015307e-20 1.5085870099e+01
1650.0 850.0 3.3882831098e-20 1.5070665384e+01
1650.0 900.0 3.3488385119e-20 1.4895220678e+01
1650.0 950.0 3.2817785095e-20 1.4596946058e+01
1650.0 1000.0 3.1943220067e-20 1.4207950319e+01
1650.0 1050.0 3.0924548937e-20 1.3754857964e+01
1650.0 1100.0 2.9810144297e-20 1.3259184525e+01
1650.0 1150.0 2.8638290749e-20 1.2737958520e+01
1650.0 1200.0 2.7438737934e-20 1.2204412222e+01
1650.0 1250.0 2.6234197108e-20 1.1668647318e+01
1650.0 1300.0 2.5041682661e-20 1.1138231600e+01
1650.0 1350.0 2.3873663891e-20 1.0618711257e+01
1650.0 1400.0 2.2739026460e-20 1.0114038521e+01
1650.0 1450.0 2.1643859573e-20 9.6269217970e+00
1650.0 1500.0 2.0592091448e-20 9.1591083071e+00
1650.0 1550.0 1.9585996934e-20 8.7116098756e+00
1650.0 1600.0 1.8626599608e-20 8.2848817776e+00
1650.0 1650.0 1.7713988115e-20 7.8789634411e+00
1650.0 1700.0 1.6847563524e-20 7.4935884691e+00
1650.0 1750.0 1.6026231663e-20 7.1282701867e+00
1650.0 1800.0 1.5248551818e-20 6.7823677830e+00
1650.0 1850.0 1.4512851015e-20 6.4551371394e+00
1650.0 1900.0 1.3817311244e-20 6.1457696280e+00
1650.0 1950.0 1.3160035504e-20 5.8534214852e+00
1650.0 2000.0 1.2539097307e-20 5.5772358332e+00
1650.0 2050.0 1.1952577324e-20 5.3163589788e+00
1650.0 2100.0 1.1398590064e-20 5.0699522777e+00
1650.0 2150.0 1.0875302835e-20 4.8372005725e+00
1650.0 2200.0 1.0380948804e-20 4.6173179964e+00
1650.0 2250.0 9.9138355084e-21 4.4095517635e+00
1650.0 2300.0 9.4723499398e-21 4.2131844276e+00
1650.0 2350.0 9.0549610305e-21 4.0275349885e+00
1650.0 2400.0 8.6602202081e-21 3.8519591392e+00
1650.0 2450.0 8.2867605304e-21 3.6858488805e+00
1650.0 2500.0 7.9332947969e-21 3.5286316817e+00
1700.0 300.0 1.0936180097e-20 4.7212110266e+00
1700.0 350.0 1.2474076611e-20 5.3851296816e+00
1700.0 400.0 1.5139735274e-20 6.5359096582e+00
1700.0 450.0 1.8588635676e-20 8.0248195393e+00
1700.0 500.0 2.2275953725e-20 9.6166556718e+00
1700.0 550.0 2.5734779811e-20 1.1109850527e+01
1700.0 600.0 2.8668461506e-20 1.2376337568e+01
1700.0 650.0 3.0940950146e-20 1.3357383813e+01
1700.0 700.0 3.2532005203e-20 1.4044251313e+01
1700.0 750.0 3.3491216805e-20 1.4458348407e+01
1700.0 800.0 3.3902734726e-20 1.4636003029e+01
1700.0 850.0 3.3862035860e-20 1.4618433097e+01
1700.0 900.0 3.3462338125e-20 1.4445881317e+01
1700.0 950.0 3.2787666248e-20 1.4154621638e+01
1700.0 1000.0 3.1910078868e-20 1.3775762184e+01
1700.0 1050.0 3.0889287268e-20 1.3335080656e+01
1700.0 1100.0 2.9773517271e-20 1.2853396414e+01
1700.0 1150.0 2.8600917404e-20 1.2347178395e+01
1700.0 1200.0 2.7401116516e-20 1.1829217542e+01
1700.0 1250.0 2.6196721758e-20 1.1309273488e+01
1700.0 1300.0 2.5004659677e-20 1.0794653521e+01
1700.0 1350.0 2.3837326637e-20 1.0290709221e+01
1700.0 1400.0 2.2703548521e-20 9.8012507723e+00
1700.0 1450.0 2.1609366052e-20 9.3288859894e+00
1700.0 1500.0 2.0558668511e-20 8.8752938971e+00
1700.0 1550.0 1.9553699752e-20 8.4414431789e+00
1700.0 1600.0 1.8595458902e-20 8.0277651647e+00
1700.0 1650.0 1.7684015508e-20 7.6342898774e+00
1700.0 1700.0 1.6818755882e-20 7.2607523853e+00
1700.0 1750.0 1.5998574603e-20 6.9066754714e+00
1700.0 1800.0 1.5222022524e-20 6.5714335311e+00
1700.0 1850.0 1.4487420489e-20 6.2543016625e+00
1700.0 1900.0 1.3792946092e-20 5.9544931231e+00
1700.0 1950.0 1.3136699350e-20 5.6711876795e+00
1700.0 2000.0 1.2516751907e-20 5.4035528494e+00
1700.0 2050.0 1.1931183436e-20 5.1507596164e+00
1700.0 2100.0 1.1378108115e-20 4.9119938607e+00
1700.0 2150.0 1.0855693441e-20 4.6864644807e+00
1700.0 2200.0 1.0362173157e-20 4.4734089726e+00
1700.0 2250.0 9.8958556675e-21 4.2720970652e+00
1700.0 2300.0 9.4551290403e-21 4.0818328785e+00
1700.0 2350.0 9.0384634324e-21 3.9019559703e+00
1700.0 2400.0 8.6444115934e-21 3.7318415546e+00
1700.0 2450.0 8.2716079626e-21 3.5709001110e+00
1700.0 2500.0 7.9187667501e-21 3.4185765567e+00
1750.0 300.0 1.0941667628e-20 4.5886205960e+00
1750.0 350.0 1.2493185449e-20 5.2392825304e+00
1750.0 400.0 1.5169668048e-20 6.3617223262e+00
1750.0 450.0 1.8623822801e-20 7.8102954486e+00
1750.0 500.0 2.2310522349e-20 9.3563911674e+00
1750.0 550.0 2.5764095211e-20 1.0804720262e+01
1750.0 600.0 2.8689628563e-20 1.2031604778e+01
1750.0 650.0 3.0952670888e-20 1.2980659618e+01
1750.0 700.0 3.2534178700e-20 1.3643898492e+01
1750.0 750.0 3.3484513658e-20 1.4042441631e+01
1750.0 800.0 3.3888246842e-20 1.4211755712e+01
1750.0 850.0 3.3841025613e-20 1.4191952488e+01
1750.0 900.0 3.3436076515e-20 1.4022128487e+01
1750.0 950.0 3.2757338933e-20 1.3737485473e+01
1750.0 1000.0 3.1876739200e-20 1.3368187281e+01
1750.0 1050.0 3.0853839510e-20 1.2939212582e+01
1750.0 1100.0 2.9736717816e-20 1.2470723884e+01
1750.0 1150.0 2.8563385777e-20 1.1978662185e+01
1750.0 1200.0 2.7363350900e-20 1.1475402085e+01
1750.0 1250.0 2.6159115854e-20 1.0970380554e+01
1750.0 1300.0 2.4967519112e-20 1.0470659164e+01
1750.0 1350.0 2.3800883965e-20 9.9814059493e+00
1750.0 1400.0 2.2667976443e-20 9.5062971302e+00
1750.0 1450.0 2.1574788774e-20 9.0478456742e+00
1750.0 1500.0 2.0525171311e-20 8.6076663093e+00
1750.0 1550.0 1.9521336945e-20 8.1866870579e+00
1750.0 1600.0 1.8564260401e-20 7.7853166921e+00
1750.0 1650.0 1.7653992180e-20 7.4035763898e+00
1750.0 1700.0 1.6789903897e-20 7.0412026248e+00
1750.0 1750.0 1.5970878937e-20 6.6977271210e+00
1750.0 1800.0 1.5195459776e-20 6.3725386351e+00
1750.0 1850.0 1.4461961128e-20 6.0649304056e+00
1750.0 1900.0 1.3768556241e-20 5.7741363464e+00
1750.0 1950.0 1.3113342199e-20 5.4993584286e+00
1750.0 2000.0 1.2494388820e-20 5.2397871896e+00
1750.0 2050.0 1.1909774815e-20 4.9946168962e+00
1750.0 2100.0 1.1357614070e-20 4.7630565664e+00
1750.0 2150.0 1.0836074304e-20 4.5443377936e+00
1750.0 2200.0 1.0343389862e-20 4.3377201139e+00
1750.0 2250.0 9.8778700429e-21 4.1424944956e+00
1750.0 2300.0 9.4379040162e-21 3.9579854024e+00
1750.0 2350.0 9.0219631835e-21 3.7835517844e+00
1750.0 2400.0 8.6286016361e-21 3.6185872690e+00
1750.0 2450.0 8.2564552118e-21 3.4625197658e+00
1750.0 2500.0 7.9042395466e-21 3.3148106496e+00
1800.0 300.0 1.0947415499e-20 4.4635024460e+00
1800.0 350.0 1.2512580388e-20 5.1016546486e+00
1800.0 400.0 1.5199884713e-20 6.1973278170e+00
1800.0 450.0 1.8659255321e-20 7.6077894163e+00
1800.0 500.0 2.2345273537e-20 9.1106602378e+00
1800.0 550.0 2.5793522711e-20 1.0516587383e+01
1800.0 600.0 2.8710842382e-20 1.1706042875e+01
1800.0 650.0 3.0964385050e-20 1.2624861862e+01
1800.0 700.0 3.2536306411e-20 1.3265768826e+01
1800.0 750.0 3.3477738916e-20 1.3649611596e+01
1800.0 800.0 3.3873672840e-20 1.3811042579e+01
1800.0 850.0 3.3819923505e-20 1.3789127791e+01
1800.0 900.0 3.3409723696e-20 1.3621880293e+01
1800.0 950.0 3.2726925440e-20 1.3343488404e+01
1800.0 1000.0 3.1843321163e-20 1.2983223476e+01
1800.0 1050.0 3.0818322760e-20 1.2565309048e+01
1800.0 1100.0 2.9699859441e-20 1.2109286916e+01
1800.0 1150.0 2.8525805389e-20 1.1630599217e+01
1800.0 1200.0 2.7325546364e-20 1.1141227174e+01
1800.0 1250.0 2.6121480303e-20 1.0650302918e+01
1800.0 1300.0 2.4930357453e-20 1.0164655894e+01
1800.0 1350.0 2.3764427966e-20 9.6892807592e+00
1800.0 1400.0 2.2632398004e-20 9.2277272078e+00
1800.0 1450.0 2.1540211312e-20 8.7824186348e+00
1800.0 1500.0 2.0491679355e-20 8.3549090591e+00
1800.0 1550.0 1.9488984112e-20 7.9460881215e+00
1800.0 1600.0 1.8533075963e-20 7.5563433127e+00
1800.0 1650.0 1.7623986421e-20 7.1856874812e+00
1800.0 1700.0 1.6761072461e-20 6.8338584514e+00
1800.0 1750.0 1.5943206332e-20 6.5003964148e+00
1800.0 1800.0 1.5168922184e-20 6.1847037121e+00
1800.0 1850.0 1.4436528648e-20 5.8860907346e+00
1800.0 1900.0 1.3744194674e-20 5.6038109226e+00
1800.0 1950.0 1.3090014449e-20 5.3370872347e+00
1800.0 2000.0 1.2472056001e-20 5.0851319635e+00
1800.0 2050.0 1.1888397114e-20 4.8471613784e+00
1800.0 2100.0 1.1337151409e-20 4.6224063617e+00
1800.0 2150.0 1.0816486848e-20 4.4101199510e+00
1800.0 2200.0 1.0324638407e-20 4.2095825072e+00
1800.0 2250.0 9.8599162958e-21 4.0201050658e+00
1800.0 2300.0 9.4207108024e-21 3.8410313114e+00
1800.0 2350.0 9.0054945892e-21 3.6717385150e+00
1800.0 2400.0 8.6128231021e-21 3.5116377001e+00
1800.0 2450.0 8.2413335893e-21 3.3601732426e+00
1800.0 2500.0 7.8897431228e-21 3.2168220647e+00
1850.0 300.0 1.0953455910e-20 4.3452634913e+00
1850.0 350.0 1.2532296970e-20 4.9715937082e+00
1850.0 400.0 1.5230426998e-20 6.0419486718e+00
1850.0 450.0 1.8694984406e-20 7.4163473041e+00
1850.0 500.0 2.2380270128e-20 8.8783094130e+00
1850.0 550.0 2.5823137509e-20 1.0244103557e+01
1850.0 600.0 2.8732189836e-20 1.1398131927e+01
1850.0 650.0 3.0976189551e-20 1.2288332254e+01
1850.0 700.0 3.2538493196e-20 1.2908102037e+01
1850.0 750.0 3.3471003149e-20 1.3278031079e+01
1850.0 800.0 3.3859126881e-20 1.3432000739e+01
1850.0 850.0 3.3798845409e-20 1.3408086928e+01
1850.0 900.0 3.3383395680e-20 1.3243276976e+01
1850.0 950.0 3.2696540642e-20 1.2970799856e+01
1850.0 1000.0 3.1809937494e-20 1.2619082159e+01
1850.0 1050.0 3.0782846874e-20 1.2211632728e+01
1850.0 1100.0 2.9663048584e-20 1.1767405932e+01
1850.0 1150.0 2.8488278896e-20 1.1301371844e+01
1850.0 1200.0 2.7287801555e-20 1.0825139465e+01
1850.0 1250.0 2.6083909620e-20 1.0347552509e+01
1850.0 1300.0 2.4893265054e-20 9.8752208166e+00
1850.0 1350.0 2.3728044861e-20 9.4129750373e+00
1850.0 1400.0 2.2596895366e-20 8.9642451892e+00
1850.0 1450.0 2.1505711879e-20 8.5313699573e+00
1850.0 1500.0 2.0458267041e-20 8.1158459573e+00
1850.0 1550.0 1.9456711985e-20 7.7185265493e+00
1850.0 1600.0 1.8501972811e-20 7.3397791191e+00
1850.0 1650.0 1.7594062108e-20 6.9796086610e+00
1850.0 1700.0 1.6732322269e-20 6.6377543008e+00
1850.0 1750.0 1.5915614461e-20 6.3137642609e+00
1850.0 1800.0 1.5142464560e-20 6.0070537518e+00
1850.0 1850.0 1.4411175156e-20 5.7169494069e+00
1850.0 1900.0 1.3719910935e-20 5.4427231529e+00
1850.0 1950.0 1.3066763225e-20 5.1836178147e+00
1850.0 2000.0 1.2449798293e-20 4.9388662758e+00
1850.0 2050.0 1.1867093019e-20 4.7077056288e+00
1850.0 2100.0 1.1316760781e-20 4.4893874467e+00
1850.0 2150.0 1.0796969805e-20 4.2831850600e+00
1850.0 2200.0 1.0305955711e-20 4.0883985348e+00
1850.0 2250.0 9.8420296355e-21 3.9043578945e+00
1850.0 2300.0 9.4035829944e-21 3.7304250099e+00
1850.0 2350.0 8.9890897208e-21 3.5659944864e+00
1850.0 2400.0 8.5971066233e-21 3.4104938064e+00
1850.0 2450.0 8.2262723671e-21 3.2633829249e+00
1850.0 2500.0 7.8753054656e-21 3.1241534729e+00
1900.0 300.0 1.0959819098e-20 4.2333723159e+00
1900.0 350.0 1.2552368829e-20 4.8485153105e+00
1900.0 400.0 1.5261334546e-20 5.8948884642e+00
1900.0 450.0 1.8731058672e-20 7.2351144228e+00
1900.0 500.0 2.2415571707e-20 8.6583053843e+00
1900.0 550.0 2.5853010733e-20 9.9860608043e+00
1900.0 600.0 2.8753752896e-20 1.1106510098e+01
1900.0 650.0 3.0988175654e-20 1.1969584877e+01
1900.0 700.0 3.2540837620e-20 1.2569320705e+01
1900.0 750.0 3.3464410135e-20 1.2926062571e+01
1900.0 800.0 3.3844715984e-20 1.3072960640e+01
1900.0 850.0 3.3777899844e-20 1.3047152038e+01
1900.0 900.0 3.3357201016e-20 1.2884651658e+01
1900.0 950.0 3.2666291942e-20 1.2617779065e+01
1900.0 1000.0 3.1776693535e-20 1.2274160139e+01
1900.0 1050.0 3.0747514447e-20 1.1876626364e+01
1900.0 1100.0 2.9626384602e-20 1.1443575416e+01
1900.0 1150.0 2.8450902085e-20 1.0989530043e+01
1900.0 1200.0 2.7250208487e-20 1.0525746564e+01
1900.0 1250.0 2.6046491944e-20 1.0060795432e+01
1900.0 1300.0 2.4856326149e-20 9.6010784531e+00
1900.0 1350.0 2.3691815012e-20 9.1512709185e+00
1900.0 1400.0 2.2561545091e-20 8.7146894977e+00
1900.0 1450.0 2.1471363347e-20 8.2935926553e+00
1900.0 1500.0 2.0425003675e-20 7.8894226571e+00
1900.0 1550.0 1.9424586445e-20 7.5029985229e+00
1900.0 1600.0 1.8471013549e-20 7.1346686206e+00
1900.0 1650.0 1.7564278722e-20 6.7844305296e+00
1900.0 1700.0 1.6703709834e-20 6.4520246319e+00
1900.0 1750.0 1.5888157023e-20 6.1370067781e+00
1900.0 1800.0 1.5116137933e-20 5.8388043885e+00
1900.0 1850.0 1.4385949153e-20 5.5567594991e+00
1900.0 1900.0 1.3695751141e-20 5.2901615625e+00
1900.0 1950.0 1.3043632391e-20 5.0382722349e+00
1900.0 2000.0 1.2427657432e-20 4.8003439156e+00
1900.0 2050.0 1.1845902258e-20 4.5756334320e+00
1900.0 2100.0 1.1296480020e-20 4.3634119649e+00
1900.0 2150.0 1.0777559221e-20 4.1629720739e+00
1900.0 2200.0 1.0287376134e-20 3.9736324969e+00
1900.0 2250.0 9.8242428285e-21 3.7947412491e+00
1900.0 2300.0 9.3865518557e-21 3.6256774324e+00
1900.0 2350.0 8.9727784231e-21 3.4658520759e+00
1900.0 2400.0 8.5814807047e-21 3.3147082556e+00
1900.0 2450.0 8.2112987841e-21 3.1717206862e+00
1900.0 2500.0 7.8609526172e-21 3.0363949339e+00
1950.0 300.0 1.0966533383e-20 4.1273512878e+00
1950.0 350.0 1.2572827717e-20 4.7318942876e+00
1950.0 400.0 1.5292644934e-20 5.7555214178e+00
1950.0 450.0 1.8767524205e-20 7.0633227926e+00
1950.0 500.0 2.2451234662e-20 8.4497196207e+00
1950.0 550.0 2.5883209540e-20 9.7413735499e+00
1950.0 600.0 2.8775608790e-20 1.0829953446e+01
1950.0 650.0 3.1000429170e-20 1.1667284163e+01
1950.0 700.0 3.2543432209e-20 1.2248006927e+01
1950.0 750.0 3.3458057163e-20 1.2592234073e+01
1950.0 800.0 3.3830540357e-20 1.2732421399e+01
1950.0 850.0 3.3757188314e-20 1.2704814712e+01
1950.0 900.0 3.3331241158e-20 1.2544505754e+01
1950.0 950.0 3.2636279650e-20 1.2282950878e+01
1950.0 1000.0 3.1743687611e-20 1.1947016014e+01
1950.0 1050.0 3.0712421190e-20 1.1558889826e+01
1950.0 1100.0 2.9589960143e-20 1.1136441740e+01
1950.0 1150.0 2.8413764239e-20 1.0693770067e+01
1950.0 1200.0 2.7212852894e-20 1.0241796520e+01
1950.0 1250.0 2.6009309370e-20 9.7888323300e+00
1950.0 1300.0 2.4819619176e-20 9.3410819623e+00
1950.0 1350.0 2.3655813233e-20 8.9030733603e+00
1950.0 1400.0 2.2526418445e-20 8.4780156986e+00
1950.0 1450.0 2.1437233531e-20 8.0680913769e+00
1950.0 1500.0 2.0391953745e-20 7.6746911367e+00
1950.0 1550.0 1.9392668784e-20 7.2986014530e+00
1950.0 1600.0 1.8440256417e-20 6.9401526821e+00
1950.0 1650.0 1.7534691591e-20 6.5993353955e+00
1950.0 1700.0 1.6675287716e-20 6.2758911890e+00
1950.0 1750.0 1.5860883953e-20 5.9693831700e+00
1950.0 1800.0 1.5089989752e-20 5.6792503579e+00
1950.0 1850.0 1.4360895741e-20 5.4048494142e+00
1950.0 1900.0 1.3671758171e-20 5.1454864291e+00
1950.0 1950.0 1.3020662727e-20 4.9004409325e+00
1950.0 2000.0 1.2405672218e-20 4.6689838454e+00
1950.0 2050.0 1.1824861762e-20 4.4503907223e+00
1950.0 2100.0 1.1276344296e-20 4.2439513498e+00
1950.0 2150.0 1.0758288602e-20 4.0489765331e+00
1950.0 2200.0 1.0268931612e-20 3.8648027260e+00
1950.0 2250.0 9.8065863306e-21 3.6907950132e+00
1950.0 2300.0 9.3696464448e-21 3.5263488443e+00
1950.0 2350.0 8.9565884352e-21 3.3708908296e+00
1950.0 2400.0 8.5659718392e-21 3.2238788383e+00
1950.0 2450.0 8.1964381562e-21 3.0848015867e+00
1950.0 2500.0 7.8467087812e-21 2.9531778606e+00
2000.0 300.0 1.0973625111e-20 4.0267698141e+00
2000.0 350.0 1.2593703409e-20 4.6212572621e+00
2000.0 400.0 1.5324393534e-20 5.6232835255e+00
2000.0 450.0 1.8804424413e-20 6.9002802474e+00
2000.0 500.0 2.2487312028e-20 8.2517152132e+00
2000.0 550.0 2.5913796973e-20 9.5090632642e+00
2000.0 600.0 2.8797829872e-20 1.0567358632e+01
2000.0 650.0 3.1013030363e-20 1.1380226065e+01
2000.0 700.0 3.2546363381e-20 1.1942882347e+01
2000.0 750.0 3.3452034981e-20 1.2275218382e+01
2000.0 800.0 3.3816693372e-20 1.2409029715e+01
2000.0 850.0 3.3736805322e-20 1.2379714809e+01
2000.0 900.0 3.3305610483e-20 1.2221487938e+01
2000.0 950.0 3.2606597019e-20 1.1964985070e+01
2000.0 1000.0 3.1711011074e-20 1.1636349964e+01
2000.0 1050.0 3.0677655978e-20 1.1257160492e+01
2000.0 1100.0 2.9553861199e-20 1.0844784195e+01
2000.0 1150.0 2.8376948196e-20 1.0412916175e+01
2000.0 1200.0 2.7175814299e-20 9.9721603013e+00
2000.0 1250.0 2.5972438025e-20 9.5305815881e+00
2000.0 1300.0 2.4783216851e-20 9.0941970865e+00
2000.0 1350.0 2.3620108865e-20 8.6673948147e+00
2000.0 1400.0 2.2491581463e-20 8.2532818818e+00
2000.0 1450.0 2.1403385258e-20 7.8539684749e+00
2000.0 1500.0 2.0359176985e-20 7.4707964317e+00
2000.0 1550.0 1.9361015768e-20 7.1045213479e+00
2000.0 1600.0 1.8409755342e-20 6.7554565009e+00
2000.0 1650.0 1.7505351941e-20 6.4235858314e+00
2000.0 1700.0 1.6647104577e-20 6.1086521112e+00
2000.0 1750.0 1.5833841476e-20 5.8102253587e+00
2000.0 1800.0 1.5064063941e-20 5.5277556270e+00
2000.0 1850.0 1.4336056661e-20 5.2606134828e+00
2000.0 1900.0 1.3647971709e-20 5.0081208302e+00
2000.0 1950.0 1.2997891974e-20 4.7695741853e+00
2000.0 2000.0 1.2383878555e-20 4.5442620685e+00
2000.0 2050.0 1.1804005706e-20 4.3314778281e+00
2000.0 2100.0 1.1256386148e-20 4.1305289272e+00
2000.0 2150.0 1.0739188947e-20 3.9407435049e+00
2000.0 2200.0 1.0250651691e-20 3.7614748443e+00
2000.0 2250.0 9.7890883178e-21 3.5921042451e+00
2000.0 2300.0 9.3528936436e-21 3.4320426858e+00
2000.0 2350.0 8.9405454174e-21 3.2807315763e+00
2000.0 2400.0 8.5506045339e-21 3.1376428374e+00
2000.0 2450.0 8.1817139012e-21 3.0022784842e+00
2000.0 2500.0 7.8325963457e-21 2.8741698583e+00
2050.0 300.0 1.0981118582e-20 3.9312385777e+00
2050.0 350.0 1.2615023589e-20 4.5161762910e+00
2050.0 400.0 1.5356613367e-20 5.4976649636e+00
2050.0 450.0 1.8841799842e-20 6.7453611266e+00
2050.0 500.0 2.2523853301e-20 8.0635356361e+00
2050.0 550.0 2.5944831779e-20 9.2882453472e+00
2050.0 600.0 2.8820483468e-20 1.0317728161e+01
2050.0 650.0 3.1026053812e-20 1.1107321967e+01
2050.0 700.0 3.2549711332e-20 1.1652791100e+01
2050.0 750.0 3.3446427716e-20 1.1973815412e+01
2050.0 800.0 3.3803261510e-20 1.2101561849e+01
2050.0 850.0 3.3716838320e-20 1.2070622362e+01
2050.0 900.0 3.3280396268e-20 1.1914376182e+01
2050.0 950.0 3.2577330231e-20 1.1662678661e+01
2050.0 1000.0 3.1678748306e-20 1.1340986485e+01
2050.0 1050.0 3.0643300872e-20 1.0970296480e+01
2050.0 1100.0 2.9518167137e-20 1.0567498795e+01
2050.0 1150.0 2.8340530383e-20 1.0145905039e+01
2050.0 1200.0 2.7139166041e-20 9.7158168093e+00
2050.0 1250.0 2.5935948094e-20 9.2850649896e+00
2050.0 1300.0 2.4747186197e-20 8.8594884336e+00
2050.0 1350.0 2.3584765804e-20 8.4433421313e+00
2050.0 1400.0 2.2457094983e-20 8.0396361699e+00
2050.0 1450.0 2.1369876401e-20 7.6504121032e+00
2050.0 1500.0 2.0326728406e-20 7.2769652988e+00
2050.0 1550.0 1.9329679667e-20 6.9200220205e+00
2050.0 1600.0 1.8379559975e-20 6.5798793331e+00
2050.0 1650.0 1.7476306931e-20 6.2565148976e+00
2050.0 1700.0 1.6619205204e-20 5.9496726254e+00
2050.0 1750.0 1.5807072137e-20 5.6589291261e+00
2050.0 1800.0 1.5038400917e-20 5.3837449606e+00
2050.0 1850.0 1.4311470322e-20 5.1235039318e+00
2050.0 1900.0 1.3624428265e-20 4.8775429928e+00
2050.0 1950.0 1.2975354851e-20 4.6451748212e+00
2050.0 2000.0 1.2362309473e-20 4.4257046807e+00
2050.0 2050.0 1.1783365524e-20 4.2184428457e+00
2050.0 2100.0 1.1236635508e-20 4.0227135935e+00
2050.0 2150.0 1.0720288770e-20 3.8378615493e+00
2050.0 2200.0 1.0232563547e-20 3.6632560028e+00
2050.0 2250.0 9.7717747020e-21 3.4982936750e+00
2050.0 2300.0 9.3363181729e-21 3.3424003119e+00
2050.0 2350.0 8.9246729665e-21 3.1950313983e+00
2050.0 2400.0 8.5354013238e-21 3.0556722167e+00
2050.0 2450.0 8.1671475512e-21 2.9238374289e+00
2050.0 2500.0 7.8186358955e-21 2.7990703157e+00
2100.0 300.0 1.0989036081e-20 3.8404046351e+00
2100.0 350.0 1.2636813860e-20 4.4162634615e+00
2100.0 400.0 1.5389335110e-20 5.3782036434e+00
2100.0 450.0 1.8879688208e-20 6.5979983657e+00
2100.0 500.0 2.2560904492e-20 7.8844951955e+00
2100.0 550.0 2.5976368508e-20 9.0781179791e+00
2100.0 600.0 2.8843632011e-20 1.0080157827e+01
2100.0 650.0 3.1039568593e-20 1.0847585013e+01
2100.0 700.0 3.2553550267e-20 1.1376685308e+01
2100.0 750.0 3.3441313136e-20 1.1686937146e+01
2100.0 800.0 3.3790324644e-20 1.1808908300e+01
2100.0 850.0 3.3697368021e-20 1.1776422189e+01
2100.0 900.0 3.3255679010e-20 1.1622062470e+01
2100.0 950.0 3.2548558729e-20 1.1374940885e+01
2100.0 1000.0 3.1646977050e-20 1.1059859705e+01
2100.0 1050.0 3.0609431435e-20 1.0697262389e+01
2100.0 1100.0 2.9482951009e-20 1.0303584489e+01
2100.0 1150.0 2.8304581120e-20 9.8917724655e+00
2100.0 1200.0 2.7102975579e-20 9.4718401388e+00
2100.0 1250.0 2.5899904115e-20 9.0513955072e+00
2100.0 1300.0 2.4711588828e-20 8.6361078056e+00
2100.0 1350.0 2.3549842775e-20 8.2301054144e+00
2100.0 1400.0 2.2423014908e-20 7.8363060918e+00
2100.0 1450.0 2.1336760125e-20 7.4566860893e+00
2100.0 1500.0 2.0294658537e-20 7.0924965699e+00
2100.0 1550.0 1.9298708481e-20 6.7444359047e+00
2100.0 1600.0 1.8349715906e-20 6.4127857529e+00
2100.0 1650.0 1.7447599853e-20 6.0975178216e+00
2100.0 1700.0 1.6591630710e-20 5.7983771289e+00
2100.0 1750.0 1.5780614981e-20 5.5149465770e+00
2100.0 1800.0 1.5013037771e-20 5.2466967456e+00
2100.0 1850.0 1.4287171970e-20 4.9930240514e+00
2100.0 1900.0 1.3601161340e-20 4.7532797844e+00
2100.0 1950.0 1.2953083210e-20 4.5267920164e+00
2100.0 2000.0 1.2340995272e-20 4.3128819576e+00
2100.0 2050.0 1.1762970051e-20 4.1108760016e+00
2100.0 2100.0 1.1217119829e-20 3.9201144364e+00
2100.0 2150.0 1.0701614220e-20 3.7399575858e+00
2100.0 2200.0 1.0214692101e-20 3.5697899798e+00
2100.0 2250.0 9.7546692457e-21 3.4090230216e+00
2100.0 2300.0 9.3199427016e-21 3.2570965175e+00
2100.0 2350.0 8.9089927190e-21 3.1134793516e+00
2100.0 2400.0 8.5203828712e-21 2.9776695272e+00
2100.0 2450.0 8.1527588482e-21 2.8491937453e+00
2100.0 2500.0 7.8048463030e-21 2.7276066524e+00
2150.0 300.0 1.0997397920e-20 3.7539472019e+00
2150.0 350.0 1.2659097781e-20 4.3211662468e+00
2150.0 400.0 1.5422587126e-20 5.2644796717e+00
2150.0 450.0 1.8918124439e-20 6.4576766998e+00
2150.0 500.0 2.2598508216e-20 7.7139708232e+00
2150.0 550.0 2.6008457643e-20 8.8779525402e+00
2150.0 600.0 2.8867333228e-20 9.8538259313e+00
2150.0 650.0 3.1053638516e-20 1.0600118343e+01
2150.0 700.0 3.2557948663e-20 1.1113612618e+01
2150.0 750.0 3.3436762946e-20 1.1413594708e+01
2150.0 800.0 3.3777956369e-20 1.1530060631e+01
2150.0 850.0 3.3678468739e-20 1.1496100661e+01
2150.0 900.0 3.3231532781e-20 1.1343539664e+01
2150.0 950.0 3.2520355573e-20 1.1100780267e+01
2150.0 1000.0 3.1615768765e-20 1.0792000759e+01
2150.0 1050.0 3.0576117097e-20 1.0437117040e+01
2150.0 1100.0 2.9448279908e-20 1.0052131310e+01
2150.0 1150.0 2.8269164966e-20 9.6496419882e+00
2150.0 1200.0 2.7067304824e-20 9.2393886217e+00
2150.0 1250.0 2.5864365301e-20 8.8287668103e+00
2150.0 1300.0 2.4676481256e-20 8.4232841662e+00
2150.0 1350.0 2.3515393627e-20 8.0269484431e+00
2150.0 1400.0 2.2389392485e-20 7.6425894457e+00
2150.0 1450.0 2.1304085157e-20 7.2721212281e+00
2150.0 1500.0 2.0263013681e-20 6.9167528597e+00
2150.0 1550.0 1.9268146192e-20 6.5771561612e+00
2150.0 1600.0 1.8320264898e-20 6.2535981378e+00
2150.0 1650.0 1.7419270360e-20 5.9460448467e+00
2150.0 1700.0 1.6564418746e-20 5.6542423814e+00
2150.0 1750.0 1.5754505765e-20 5.3777796589e+00
2150.0 1800.0 1.4988008466e-20 5.1161368219e+00
2150.0 1850.0 1.4263193869e-20 4.8687223200e+00
2150.0 1900.0 1.3578201598e-20 4.6349011166e+00
2150.0 1950.0 1.2931106207e-20 4.4140159627e+00
2150.0 2000.0 1.2319963682e-20 4.2054032719e+00
2150.0 2050.0 1.1742845674e-20 4.0084048046e+00
2150.0 2100.0 1.1197864231e-20 3.8223761115e+00
2150.0 2150.0 1.0683189223e-20 3.6466924799e+00
2150.0 2200.0 1.0197060152e-20 3.4807529659e+00
2150.0 2250.0 9.7377936871e-21 3.3239829668e+00
2150.0 2300.0 9.3037879659e-21 3.1758356892e+00
2150.0 2350.0 8.8935244658e-21 3.0357927873e+00
2150.0 2400.0 8.5055680746e-21 2.9033643874e+00
2150.0 2450.0 8.1385658479e-21 2.7780886639e+00
2150.0 2500.0 7.7912448279e-21 2.6595310941e+00
2200.0 300.0 1.1006222459e-20 3.6715740049e+00
2200.0 350.0 1.2681896860e-20 4.2305634851e+00
2200.0 400.0 1.5456395463e-20 5.1561105549e+00
2200.0 450.0 1.8957140690e-20 6.3239267807e+00
2200.0 500.0 2.2636703724e-20 7.5513949729e+00
2200.0 550.0 2.6041145680e-20 8.6870853183e+00
2200.0 600.0 2.8891640255e-20 9.6379839413e+00
2200.0 650.0 3.1068322275e-20 1.0364104929e+01
2200.0 700.0 3.2562969470e-20 1.0862705408e+01
2200.0 750.0 3.3432843017e-20 1.1152887177e+01
2200.0 800.0 3.3766224246e-20 1.1264100071e+01
2200.0 850.0 3.3660208659e-20 1.1228734252e+01
2200.0 900.0 3.3208025503e-20 1.1077890134e+01
2200.0 950.0 3.2492787723e-20 1.0839293426e+01
2200.0 1000.0 3.1585188914e-20 1.0536526859e+01
2200.0 1050.0 3.0543421431e-20 1.0189002863e+01
2200.0 1100.0 2.9414215243e-20 9.8123101236e+00
2200.0 1150.0 2.8234340991e-20 9.4187149870e+00
2200.0 1200.0 2.7032210403e-20 9.0176953425e+00
2200.0 1250.0 2.5829385795e-20 8.6164441794e+00
2200.0 1300.0 2.4641915142e-20 8.2203149536e+00
2200.0 1350.0 2.3481467572e-20 7.8332003786e+00
2200.0 1400.0 2.2356274537e-20 7.4578463902e+00
2200.0 1450.0 2.1271896009e-20 7.0961077437e+00
2200.0 1500.0 2.0231836125e-20 6.7491533868e+00
2200.0 1550.0 1.9238032956e-20 6.4176298422e+00
2200.0 1600.0 1.8291245074e-20 6.1017901626e+00
2200.0 1650.0 1.7391354645e-20 5.8015950394e+00
2200.0 1700.0 1.6537603672e-20 5.5167916122e+00
2200.0 1750.0 1.5728777111e-20 5.2469745530e+00
2200.0 1800.0 1.4963343982e-20 4.9916331415e+00
2200.0 1850.0 1.4239565451e-20 4.7501873184e+00
2200.0 1900.0 1.3555577008e-20 4.5220151009e+00
2200.0 1950.0 1.2909450430e-20 4.3064732511e+00
2200.0 2000.0 1.2299239990e-20 4.1029126927e+00
2200.0 2050.0 1.1723016451e-20 3.9106898503e+00
2200.0 2100.0 1.1178891616e-20 3.7291748384e+00
2200.0 2150.0 1.0665035592e-20 3.5577572218e+00
2200.0 2200.0 1.0179688484e-20 3.3958499163e+00
2200.0 2250.0 9.7211678395e-21 3.2428916705e+00
2200.0 2300.0 9.2878728649e-21 3.0983484749e+00
2200.0 2350.0 8.8782862429e-21 2.9617141665e+00
2200.0 2400.0 8.4909741552e-21 2.8325104367e+00
2200.0 2450.0 8.1245850027e-21 2.7102864045e+00
2200.0 2500.0 7.7778471958e-21 2.5946178794e+00
2250.0 300.0 1.1015526044e-20 3.5930180925e+00
2250.0 350.0 1.2705230472e-20 4.1441618651e+00
2250.0 400.0 1.5490783736e-20 5.0527470055e+00
2250.0 450.0 1.8996766215e-20 6.1963200340e+00
2250.0 500.0 2.2675526788e-20 7.3962494102e+00
2250.0 550.0 2.6074475013e-20 8.5049102604e+00
2250.0 600.0 2.8916601547e-20 9.4319483354e+00
2250.0 650.0 3.1083673386e-20 1.0138798675e+01
2250.0 700.0 3.2568670063e-20 1.0623171360e+01
2250.0 750.0 3.3429613366e-20 1.0903991799e+01
2250.0 800.0 3.3755189803e-20 1.1010187548e+01
2250.0 850.0 3.3642649847e-20 1.0973479532e+01
2250.0 900.0 3.3185218977e-20 1.0824275819e+01
2250.0 950.0 3.2465916077e-20 1.0589655309e+01
2250.0 1000.0 3.1555297011e-20 1.0292631748e+01
2250.0 1050.0 3.0511402207e-20 9.9521366227e+00
2250.0 1100.0 2.9380812800e-20 9.5833636582e+00
2250.0 1150.0 2.8200162834e-20 9.1982620595e+00
2250.0 1200.0 2.6997743720e-20 8.8060598520e+00
2250.0 1250.0 2.5795014728e-20 8.4137565693e+00
2250.0 1300.0 2.4607937349e-20 8.0265584924e+00
2250.0 1350.0 2.3448109242e-20 7.6482485183e+00
2250.0 1400.0 2.2323703520e-20 7.2814925335e+00
2250.0 1450.0 2.1240233030e-20 6.9280887051e+00
2250.0 1500.0 2.0201164191e-20 6.5891677020e+00
2250.0 1550.0 1.9208405156e-20 6.2653519204e+00
2250.0 1600.0 1.8262690972e-20 5.9568811165e+00
2250.0 1650.0 1.7363885487e-20 5.6637108808e+00
2250.0 1700.0 1.6511216603e-20 5.3855893715e+00
2250.0 1750.0 1.5703458557e-20 5.1221167727e+00
2250.0 1800.0 1.4939072367e-20 4.8727911030e+00
2250.0 1850.0 1.4216313355e-20 4.6370432870e+00
2250.0 1900.0 1.3533312881e-20 4.4142638162e+00
2250.0 1950.0 1.2888139937e-20 4.2038228394e+00
2250.0 2000.0 1.2278847072e-20 4.0050851415e+00
2250.0 2050.0 1.1703504148e-20 3.8174211546e+00
2250.0 2100.0 1.1160222699e-20 3.6402149035e+00
2250.0 2150.0 1.0647173051e-20 3.4728695892e+00
2250.0 2200.0 1.0162595892e-20 3.3148113636e+00
2250.0 2250.0 9.7048096184e-21 3.1654917255e+00
2250.0 2300.0 9.2722144849e-21 3.0243888734e+00
2250.0 2350.0 8.8632943551e-21 2.8910082778e+00
2250.0 2400.0 8.4766166803e-21 2.7648826733e+00
2250.0 2450.0 8.1108311831e-21 2.6455716296e+00
2250.0 2500.0 7.7646676195e-21 2.5326608215e+00
2300.0 300.0 1.1025323132e-20 3.5180351250e+00
2300.0 350.0 1.2729115985e-20 4.0616929418e+00
2300.0 400.0 1.5525773294e-20 4.9540693855e+00
2300.0 450.0 1.9037027583e-20 6.0744642959e+00
2300.0 500.0 2.2715009975e-20 7.2480599437e+00
2300.0 550.0 2.6108484293e-20 8.3308728193e+00
2300.0 600.0 2.8942261308e-20 9.2350936712e+00
2300.0 650.0 3.1099740675e-20 9.9235168680e+00
2300.0 700.0 3.2575102784e-20 1.0394285449e+01
2300.0 750.0 3.3427128727e-20 1.0666155684e+01
2300.0 800.0 3.3744909138e-20 1.0767555220e+01
2300.0 850.0 3.3625848868e-20 1.0729564659e+01
2300.0 900.0 3.3163169503e-20 1.0581929779e+01
2300.0 950.0 3.2439796092e-20 1.0351110869e+01
2300.0 1000.0 3.1526147224e-20 1.0059577571e+01
2300.0 1050.0 3.0480111992e-20 9.7258015317e+00
2300.0 1100.0 2.9348123317e-20 9.3645988829e+00
2300.0 1150.0 2.8166679264e-20 8.9876156754e+00
2300.0 1200.0 2.6963951497e-20 8.6038411156e+00
2300.0 1250.0 2.5761296743e-20 8.2200898537e+00
2300.0 1300.0 2.4574590448e-20 7.8414275342e+00
2300.0 1350.0 2.3415359166e-20 7.4715321289e+00
2300.0 1400.0 2.2291717974e-20 7.1129930518e+00
2300.0 1450.0 2.1209132837e-20 6.7675544201e+00
2300.0 1500.0 2.0171032652e-20 6.4363103494e+00
2300.0 1550.0 1.9179295799e-20 6.1198602060e+00
2300.0 1600.0 1.8234633914e-20 5.8184310639e+00
2300.0 1650.0 1.7336892611e-20 5.5319736607e+00
2300.0 1700.0 1.6485285745e-20 5.2602371472e+00
2300.0 1750.0 1.5678576876e-20 5.0028269920e+00
2300.0 1800.0 1.4915219039e-20 4.7592495792e+00
2300.0 1850.0 1.4193461720e-20 4.5289463429e+00
2300.0 1900.0 1.3511432146e-20 4.3113197056e+00
2300.0 1950.0 1.2867196519e-20 4.1057526182e+00
2300.0 2000.0 1.2258805647e-20 3.9116231191e+00
2300.0 2050.0 1.1684328472e-20 3.7283150330e+00
2300.0 2100.0 1.1141876237e-20 3.5552256829e+00
2300.0 2150.0 1.0629619461e-20 3.3917713052e+00
2300.0 2200.0 1.0145799388e-20 3.2373907041e+00
2300.0 2250.0 9.6887352395e-21 3.0915475658e+00
2300.0 2300.0 9.2568282901e-21 2.9537317575e+00
2300.0 2350.0 8.8485635573e-21 2.8234598686e+00
2300.0 2400.0 8.4625097357e-21 2.7002751883e+00
2300.0 2450.0 8.0973178435e-21 2.5837472745e+00
2300.0 2500.0 7.7517189571e-21 2.4734712302e+00
2350.0 300.0 1.1035626302e-20 3.4464009704e+00
2350.0 350.0 1.2753568755e-20 3.9829104876e+00
2350.0 400.0 1.5561383202e-20 4.8597845470e+00
2350.0 450.0 1.9077948675e-20 5.9579999385e+00
2350.0 500.0 2.2755182677e-20 7.1063917457e+00
2350.0 550.0 2.6143208482e-20 8.1644644915e+00
2350.0 600.0 2.8968659575e-20 9.0468464355e+00
2350.0 650.0 3.1116568401e-20 9.7176334718e+00
2350.0 700.0 3.2582315095e-20 1.0175382827e+01
2350.0 750.0 3.3425438736e-20 1.0438688421e+01
2350.0 800.0 3.3735433113e-20 1.0535498959e+01
2350.0 850.0 3.3609857000e-20 1.0496281825e+01
2350.0 900.0 3.3141928103e-20 1.0350148696e+01
2350.0 950.0 3.2414478007e-20 1.0122967687e+01
2350.0 1000.0 3.1497788615e-20 9.8366876768e+00
2350.0 1050.0 3.0449598374e-20 9.5093402507e+00
2350.0 1100.0 2.9316192713e-20 9.1553802430e+00
2350.0 1150.0 2.8133934402e-20 8.7861636642e+00
2350.0 1200.0 2.6930875986e-20 8.4104512596e+00
2350.0 1250.0 2.5728272201e-20 8.0348808353e+00
2350.0 1300.0 2.4541912911e-20 7.6643835301e+00
2350.0 1350.0 2.3383253961e-20 7.3025369778e+00
2350.0 1400.0 2.2260352711e-20 6.9518574738e+00
2350.0 1450.0 2.1178628499e-20 6.6140374651e+00
2350.0 1500.0 2.0141472899e-20 6.2901361324e+00
2350.0 1550.0 1.9150734673e-20 5.9807308401e+00
2350.0 1600.0 1.8207102163e-20 5.6860365553e+00
2350.0 1650.0 1.7310402831e-20 5.4059993953e+00
2350.0 1700.0 1.6459836540e-20 5.1403694792e+00
2350.0 1750.0 1.5654156210e-20 4.8887573462e+00
2350.0 1800.0 1.4891806911e-20 4.6506773958e+00
2350.0 1850.0 1.4171032302e-20 4.4255811261e+00
2350.0 1900.0 1.3489955469e-20 4.2128823819e+00
2350.0 1950.0 1.2846639813e-20 4.0119763670e+00
2350.0 2000.0 1.2239134383e-20 3.8222538043e+00
2350.0 2050.0 1.1665507176e-20 3.6431113335e+00
2350.0 2100.0 1.1123869122e-20 3.4739590021e+00
2350.0 2150.0 1.0612390902e-20 3.3142255186e+00
2350.0 2200.0 1.0129314289e-20 3.1633617922e+00
2350.0 2250.0 9.6729593010e-21 3.0208431683e+00
2350.0 2300.0 9.2417282000e-21 2.8861706772e+00
2350.0 2350.0 8.8341071293e-21 2.7588715448e+00
2350.0 2400.0 8.4486659975e-21 2.6384991568e+00
2350.0 2450.0 8.0840570903e-21 2.5246326252e+00
2350.0 2500.0 7.7390127771e-21 2.4168760717e+00
2400.0 300.0 1.1046446316e-20 3.3779096188e+00
2400.0 350.0 1.2778602184e-20 3.9075881960e+00
2400.0 400.0 1.5597630312e-20 4.7696230945e+00
2400.0 450.0 1.9119550783e-20 5.8465965116e+00
2400.0 500.0 2.2796071250e-20 6.9708452966e+00
2400.0 550.0 2.6178679052e-20 8.0052180807e+00
2400.0 600.0 2.8995832474e-20 8.8666797100e+00
2400.0 650.0 3.1134196551e-20 9.5205733132e+00
2400.0 700.0 3.2590349907e-20 9.9658526626e+00
2400.0 750.0 3.3424588287e-20 1.0220955686e+01
2400.0 800.0 3.3726807741e-20 1.0313371832e+01
2400.0 850.0 3.3594720625e-20 1.0272980712e+01
2400.0 900.0 3.3121540921e-20 1.0128286371e+01
2400.0 950.0 3.2390007247e-20 9.9045895759e+00
2400.0 1000.0 3.1470265527e-20 9.6233403565e+00
2400.0 1050.0 3.0419904353e-20 9.3021488158e+00
2400.0 1100.0 2.9285062464e-20 8.9551237885e+00
2400.0 1150.0 2.8101968088e-20 8.5933435602e+00
2400.0 1200.0 2.6898555329e-20 8.2253501421e+00
2400.0 1250.0 2.5695977519e-20 7.8576120447e+00
2400.0 1300.0 2.4509939444e-20 7.4949316581e+00
2400.0 1350.0 2.3351826649e-20 7.1407905854e+00
2400.0 1400.0 2.2229639114e-20 6.7976351522e+00
2400.0 1450.0 2.1148749816e-20 6.4671083700e+00
2400.0 1500.0 2.0112513214e-20 6.1502360036e+00
2400.0 1550.0 1.9122748612e-20 5.8475743805e+00
2400.0 1600.0 1.8180121171e-20 5.5593269017e+00
2400.0 1650.0 1.7284440285e-20 5.2854352816e+00
2400.0 1700.0 1.6434891886e-20 5.0256505846e+00
2400.0 1750.0 1.5630218283e-20 4.7795882196e+00
2400.0 1800.0 1.4868856600e-20 4.5467702728e+00
2400.0 1850.0 1.4149044669e-20 4.3266578878e+00
2400.0 1900.0 1.3468901434e-20 4.1186758535e+00
2400.0 1950.0 1.2826487474e-20 3.9222311115e+00
2400.0 2000.0 1.2219850059e-20 3.7367265338e+00
2400.0 2050.0 1.1647056217e-20 3.5615710337e+00
2400.0 2100.0 1.1106216532e-20 3.3961868442e+00
2400.0 2150.0 1.0595501824e-20 3.2400146167e+00
2400.0 2200.0 1.0113154357e-20 3.0925168514e+00
2400.0 2250.0 9.6574949144e-21 2.9531800573e+00
2400.0 2300.0 9.2269267149e-21 2.8215159528e+00
2400.0 2350.0 8.8199369950e-21 2.6970619474e+00
2400.0 2400.0 8.4350968460e-21 2.5793810929e+00
2400.0 2450.0 8.0710597910e-21 2.4680616482e+00
2400.0 2500.0 7.7265594628e-21 2.3627163689e+00
2450.0 300.0 1.1057792169e-20 3.3123713481e+00
2450.0 350.0 1.2804227757e-20 3.8355176610e+00
2450.0 400.0 1.5634529311e-20 4.6833369752e+00
2450.0 450.0 1.9161852683e-20 5.7399497868e+00
2450.0 500.0 2.2837699126e-20 6.8410528146e+00
2450.0 550.0 2.6214924132e-20 7.8527035285e+00
2450.0 600.0 2.9023812406e-20 8.6941084761e+00
2450.0 650.0 3.1152661072e-20 9.3318069621e+00
2450.0 700.0 3.2599245854e-20 9.7651327031e+00
2450.0 750.0 3.3424617831e-20 1.0012373603e+01
2450.0 800.0 3.3719074492e-20 1.0100578354e+01
2450.0 850.0 3.3580481557e-20 1.0059062719e+01
2450.0 900.0 3.3102049554e-20 9.9157479928e+00
2450.0 950.0 3.2366424757e-20 9.6953909392e+00
2450.0 1000.0 3.1443617921e-20 9.4189633417e+00
2450.0 1050.0 3.0391068671e-20 9.1036712901e+00
2450.0 1100.0 2.9254769927e-20 8.7632920042e+00
2450.0 1150.0 2.8070816194e-20 8.4086376244e+00
2450.0 1200.0 2.6867023854e-20 8.0480405726e+00
2450.0 1250.0 2.5664445466e-20 7.6878071612e+00
2450.0 1300.0 2.4478701263e-20 7.3326164446e+00
2450.0 1350.0 2.3321106922e-20 6.9858580440e+00
2450.0 1400.0 2.2199605392e-20 6.6499112764e+00
2450.0 1450.0 2.1119523567e-20 6.3263718179e+00
2450.0 1500.0 2.0084179004e-20 6.0162334455e+00
2450.0 1550.0 1.9095361710e-20 5.7200323573e+00
2450.0 1600.0 1.8153713785e-20 5.4379608951e+00
2450.0 1650.0 1.7259026641e-20 5.1699565760e+00
2450.0 1700.0 1.6410472328e-20 4.9157713870e+00
2450.0 1750.0 1.5606782581e-20 4.6750254180e+00
2450.0 1800.0 1.4846386593e-20 4.4472481325e+00
2450.0 1850.0 1.4127516370e-20 4.2319099261e+00
2450.0 1900.0 1.3448286699e-20 4.0284460821e+00
2450.0 1950.0 1.2806755322e-20 3.8362747954e+00
2450.0 2000.0 1.2200967708e-20 3.6548105841e+00
2450.0 2050.0 1.1628989886e-20 3.4834741254e+00
2450.0 2100.0 1.1088932065e-20 3.3216993312e+00
2450.0 2150.0 1.0578965164e-20 3.1689382985e+00
2450.0 2200.0 1.0097331911e-20 3.0246646350e+00
2450.0 2250.0 9.6423538166e-21 2.8883755474e+00
2450.0 2300.0 9.2124350226e-21 2.7595929954e+00
2450.0 2350.0 8.8060638246e-21 2.6378641464e+00
2450.0 2400.0 8.4218124634e-21 2.5227613140e+00
2450.0 2450.0 8.0583356672e-21 2.4138815207e+00
2450.0 2500.0 7.7143683014e-21 2.3108457944e+00
2500.0 300.0 1.1069671133e-20 3.2496111081e+00
2500.0 350.0 1.2830455080e-20 3.7665065970e+00
2500.0 400.0 1.5672092761e-20 4.6006973570e+00
2500.0 450.0 1.9204870700e-20 5.6377791539e+00
2500.0 500.0 2.2880086912e-20 6.7166751106e+00
2500.0 550.0 2.6251968651e-20 7.7065242419e+00
2500.0 600.0 2.9052628235e-20 8.5286854773e+00
2500.0 650.0 3.1171994093e-20 9.1508462219e+00
2500.0 700.0 3.2609037537e-20 9.5727044941e+00
2500.0 750.0 3.3425563646e-20 9.8124037843e+00
2500.0 800.0 3.3712270594e-20 9.8965694358e+00
2500.0 850.0 3.3567177343e-20 9.8539758814e+00
2500.0 900.0 3.3083491364e-20 9.7119850930e+00
2500.0 950.0 3.2343767311e-20 9.4948318038e+00
2500.0 1000.0 3.1417881685e-20 9.2230289488e+00
2500.0 1050.0 3.0363126110e-20 8.9133950500e+00
2500.0 1100.0 2.9225348635e-20 8.5793892537e+00
2500.0 1150.0 2.8040510906e-20 8.2315684558e+00
2500.0 1200.0 2.6836312357e-20 7.8780640984e+00
2500.0 1250.0 2.5633705429e-20 7.5250269769e+00
2500.0 1300.0 2.4448226351e-20 7.1770179048e+00
2500.0 1350.0 2.3291121388e-20 6.8373383338e+00
2500.0 1400.0 2.2170276816e-20 6.5083033582e+00
2500.0 1450.0 2.1090973732e-20 6.1914632961e+00
2500.0 1500.0 2.0056493013e-20 5.8877812809e+00
2500.0 1550.0 1.9068595531e-20 5.5977742344e+00
2500.0 1600.0 1.8127900448e-20 5.3216239176e+00
2500.0 1650.0 1.7234181275e-20 5.0592638422e+00
2500.0 1700.0 1.6386596237e-20 4.8104468972e+00
2500.0 1750.0 1.5583866525e-20 4.5747976753e+00
2500.0 1800.0 1.4824413412e-20 4.3518527258e+00
2500.0 1850.0 1.4106463077e-20 4.1410913259e+00
2500.0 1900.0 1.3428126140e-20 3.9419588298e+00
2500.0 1950.0 1.2787457487e-20 3.7538842296e+00
2500.0 2000.0 1.2182500754e-20 3.5762932157e+00
2500.0 2050.0 1.1611320941e-20 3.4086177499e+00
2500.0 2100.0 1.1072027850e-20 3.2503029457e+00
2500.0 2150.0 1.0562792465e-20 3.1008118773e+00
2500.0 2200.0 1.0081857939e-20 2.9596288051e+00
2500.0 2250.0 9.6275464732e-21 2.8262611948e+00
2500.0 2300.0 9.1982630970e-21 2.7002408270e+00
2500.0 2350.0 8.7924971286e-21 2.5811242261e+00
2500.0 2400.0 8.4088219237e-21 2.4684925867e+00
2500.0 2450.0 8.0458933812e-21 2.3619513346e+00
2500.0 2500.0 7.7024475664e-21 2.2611294292e+00
